0 0.119709 0.265361 0.184384 0.378944
0 0.231589 0.453958 0.073943 0.117546
0 0.015033 0.467116 0.028809 0.105269
0 0.047372 0.901324 0.094744 0.159648
0 0.306495 0.714481 0.025925 0.052630
0 0.262321 0.825889 0.022088 0.033333
0 0.282007 0.975009 0.024967 0.026315
0 0.511047 0.696065 0.029767 0.047370
0 0.538416 0.741676 0.011521 0.043852
0 0.536014 0.865361 0.020167 0.042111
0 0.560502 0.463606 0.023041 0.042102
0 0.766974 0.556588 0.019209 0.045620
0 0.915347 0.716236 0.054739 0.077194
0 0.947038 0.668870 0.025925 0.028074
0 0.990084 0.868866 0.019833 0.056139
0 0.939354 0.300449 0.077785 0.154380
0 0.943193 0.452213 0.022078 0.033352
0 0.885575 0.422375 0.010563 0.029824
0 0.465431 0.083782 0.048013 0.071935
0 0.330983 0.059222 0.051860 0.068426
0 0.215745 0.016236 0.030730 0.024565
0 0.261840 0.154833 0.015367 0.024556
0 0.684387 0.163602 0.128682 0.200000
0 0.480317 0.623255 0.012484 0.021046
0 0.505765 0.334657 0.063381 0.131574
0 0.850043 0.660972 0.008642 0.033333
0 0.863969 0.796065 0.009600 0.033333
0 0.883175 0.577639 0.009605 0.021056
0 0.790502 0.889046 0.189184 0.173685
0 0.481277 0.572375 0.054739 0.077194
1 0.352114 0.416241 0.149812 0.452630
1 0.138436 0.667116 0.239123 0.249120
1 0.165808 0.896940 0.121004 0.161398
1 0.388125 0.885537 0.168059 0.180704
1 0.618604 0.891676 0.100836 0.171926
1 0.401090 0.723255 0.117162 0.112287
1 0.674303 0.703079 0.212235 0.149120
1 0.688226 0.509218 0.105636 0.217546
1 0.809711 0.392551 0.087390 0.208769
1 0.826997 0.150449 0.100836 0.247361
1 0.942717 0.119750 0.096036 0.185963
1 0.519691 0.197819 0.148849 0.124565
1 0.350669 0.150449 0.120041 0.064917
