0 0.238964 0.225155 0.034042 0.050877
0 0.247216 0.493578 0.275443 0.436847
0 0.382872 0.762874 0.074276 0.070177
0 0.488096 0.643578 0.107286 0.157892
0 0.758896 0.461120 0.285760 0.456147
0 0.920344 0.636559 0.035073 0.073685
0 0.906417 0.235678 0.023729 0.050877
0 0.738263 0.091825 0.017536 0.047369
0 0.532971 0.122524 0.013411 0.038601
0 0.512341 0.153229 0.017536 0.029823
0 0.483971 0.010244 0.020630 0.017547
0 0.380810 0.188313 0.070151 0.107024
0 0.016133 0.160244 0.025786 0.040345
0 0.055333 0.173401 0.021667 0.028078
0 0.083188 0.161120 0.011344 0.017547
0 0.079578 0.240943 0.028885 0.036838
0 0.015102 0.740066 0.015474 0.042099
0 0.017680 0.866386 0.020630 0.052631
0 0.122391 0.952347 0.034042 0.056138
0 0.275068 0.975173 0.031979 0.038565
0 0.695453 0.968136 0.028885 0.035084
0 0.797581 0.982174 0.020630 0.031577
0 0.767148 0.952352 0.023724 0.028069
0 0.888365 0.755859 0.020635 0.031577
0 0.874438 0.812874 0.023729 0.026315
0 0.883721 0.938313 0.013411 0.017547
0 0.957997 0.951470 0.019599 0.033339
0 0.612922 0.170766 0.018573 0.019300
0 0.641292 0.121643 0.021667 0.022808
0 0.655219 0.196209 0.020635 0.031585
0 0.012008 0.368136 0.017536 0.031577
1 0.500477 0.388313 0.193943 0.264916
1 0.553089 0.861120 0.210448 0.224562
1 0.764055 0.823401 0.166089 0.198246
1 0.946133 0.808490 0.070151 0.192976
1 0.954388 0.433928 0.078401 0.285961
1 0.963154 0.140943 0.058807 0.257901
1 0.817182 0.119017 0.136177 0.210523
1 0.149727 0.119894 0.109349 0.198246
1 0.272490 0.087436 0.105229 0.140345
1 0.397831 0.064632 0.112443 0.094739
1 0.607766 0.053229 0.152677 0.075438
1 0.701128 0.168136 0.046422 0.084207
1 0.507698 0.211997 0.129979 0.052640
1 0.128581 0.830416 0.159901 0.156138
1 0.277133 0.840066 0.108318 0.157901
1 0.382872 0.895332 0.082526 0.149123
1 0.045534 0.555855 0.078401 0.259646
1 0.581458 0.633928 0.046427 0.135084
1 0.055333 0.333047 0.058802 0.094739
1 0.048112 0.066386 0.067057 0.094739
1 0.907964 0.111997 0.028885 0.164916
