0 0.152167 0.405774 0.069733 0.147381
0 0.224933 0.741756 0.054133 0.103512
0 0.390900 0.573304 0.075667 0.117560
0 0.379600 0.758423 0.049133 0.077202
0 0.666417 0.137321 0.039167 0.066667
0 0.837933 0.234732 0.040267 0.057917
0 0.669433 0.526815 0.033400 0.052679
0 0.699400 0.583839 0.030467 0.050893
0 0.609017 0.746101 0.329100 0.449107
0 0.964167 0.945238 0.029467 0.050833
1 0.105000 0.154018 0.205333 0.268393
1 0.112867 0.591726 0.183733 0.171905
1 0.056383 0.386488 0.090367 0.126310
1 0.085367 0.849613 0.168000 0.256131
1 0.311333 0.904911 0.205333 0.149107
1 0.284800 0.561012 0.089400 0.173690
1 0.356033 0.307530 0.231867 0.256131
1 0.642417 0.328571 0.223033 0.235119
1 0.901800 0.490833 0.168000 0.366667
1 0.900800 0.098750 0.156200 0.196548
1 0.752950 0.094345 0.098233 0.159643
1 0.525983 0.089970 0.155233 0.143869
1 0.566767 0.764524 0.118867 0.226310
1 0.906683 0.808393 0.132633 0.184167
