1 0.260286 0.240975 0.513929 0.463249
1 0.155080 0.841822 0.296125 0.275452
1 0.408491 0.846201 0.139732 0.287712
1 0.829920 0.861116 0.299446 0.173701
1 0.869295 0.166384 0.078732 0.271921
1 0.875946 0.538305 0.176321 0.092994
1 0.612000 0.247090 0.151929 0.131582
0 0.044179 0.597952 0.078750 0.138616
0 0.420687 0.526031 0.035482 0.050876
0 0.496107 0.517260 0.059893 0.064915
0 0.605348 0.381299 0.072089 0.098249
0 0.622536 0.103220 0.059893 0.089492
0 0.708482 0.169011 0.041036 0.070169
0 0.762830 0.213743 0.032161 0.089463
0 0.768366 0.083037 0.032161 0.049124
0 0.938054 0.090056 0.025500 0.042090
0 0.914214 0.361992 0.042143 0.063136
0 0.724562 0.383037 0.133089 0.189463
0 0.665232 0.488305 0.041036 0.035085
0 0.733429 0.519887 0.042143 0.052655
0 0.726777 0.577782 0.057661 0.056130
0 0.920857 0.704096 0.048786 0.070169
0 0.636402 0.760240 0.054339 0.080706
0 0.599795 0.844449 0.089839 0.143870
0 0.675214 0.673390 0.045464 0.064915
0 0.578732 0.690056 0.045464 0.031582
0 0.538250 0.883927 0.017750 0.036836
0 0.321982 0.783927 0.019964 0.033333
0 0.273196 0.641808 0.017750 0.036836
0 0.591482 0.511116 0.035500 0.042119
0 0.846000 0.730410 0.021071 0.038616
