0 0.208758 0.085605 0.128072 0.145621
0 0.500866 0.063668 0.087712 0.080703
0 0.567533 0.280335 0.059641 0.068415
0 0.390335 0.461920 0.431585 0.392990
0 0.453497 0.463668 0.073693 0.052631
0 0.385948 0.857525 0.054379 0.057892
1 0.341217 0.544379 0.136846 0.105261
1 0.651740 0.748758 0.224559 0.064902
1 0.846920 0.670694 0.306160 0.080703
1 0.898227 0.585596 0.163154 0.075441
1 0.911389 0.425948 0.070163 0.071928
1 0.728056 0.323317 0.142092 0.140359
1 0.104371 0.211038 0.129820 0.126324
1 0.095605 0.497884 0.105261 0.103513
1 0.226299 0.877704 0.191225 0.084199
1 0.806127 0.105776 0.098235 0.098252
1 0.511389 0.191748 0.238595 0.066667
1 0.362263 0.076830 0.136846 0.110523
