1 0.723782 0.118920 0.527096 0.235153
1 0.505916 0.303102 0.250663 0.108774
1 0.892446 0.853102 0.194444 0.250876
0 0.339591 0.165380 0.185068 0.121066
0 0.420419 0.438190 0.234250 0.161401
0 0.682788 0.682927 0.107758 0.089474
0 0.844425 0.445204 0.140546 0.091226
0 0.760097 0.342569 0.046862 0.040350
0 0.898314 0.288190 0.173353 0.036847
0 0.933441 0.357482 0.065595 0.045620
0 0.965078 0.425905 0.044503 0.042117
0 0.086589 0.546080 0.133528 0.110526
0 0.192018 0.587307 0.067934 0.056131
0 0.306803 0.661869 0.081988 0.047358
0 0.183821 0.732044 0.238947 0.085956
0 0.121189 0.803978 0.242378 0.071927
0 0.247066 0.900467 0.126491 0.061401
0 0.076053 0.933796 0.145244 0.078949
0 0.288060 0.964504 0.213158 0.024569
0 0.338431 0.830292 0.098382 0.068409
0 0.469610 0.828533 0.131189 0.047372
0 0.572690 0.825029 0.032788 0.047372
0 0.606657 0.878533 0.063255 0.031577
0 0.666394 0.886431 0.056218 0.033328
0 0.749552 0.851314 0.086667 0.068467
0 0.816316 0.624153 0.070292 0.056131
0 0.741355 0.619766 0.065595 0.054394
0 0.809288 0.685555 0.070273 0.045620
0 0.462583 0.659234 0.032807 0.052628
1 0.642963 0.509241 0.149942 0.138599
1 0.121735 0.077657 0.185068 0.114029
1 0.337261 0.062752 0.199123 0.049124
1 0.245897 0.293453 0.147583 0.107022
1 0.193187 0.430292 0.103060 0.068409
1 0.926423 0.624153 0.089025 0.129825
1 0.452047 0.753095 0.081988 0.057898
1 0.730809 0.279416 0.114795 0.043854
