0 0.372730 0.492664 0.012080 0.067196
0 0.264445 0.245374 0.026750 0.083333
0 0.209655 0.422788 0.020710 0.045701
0 0.189810 0.293754 0.018980 0.051059
0 0.207930 0.188925 0.012080 0.045701
0 0.031485 0.175483 0.016390 0.077944
0 0.499990 0.119050 0.049180 0.147819
0 0.552625 0.350218 0.021570 0.056449
0 0.615605 0.367664 0.014670 0.037632
0 0.543130 0.554486 0.012940 0.072586
0 0.773070 0.679470 0.032780 0.091402
0 0.846410 0.910623 0.037960 0.096760
0 0.957285 0.852850 0.026750 0.088692
0 0.924495 0.416059 0.021570 0.075234
0 0.876605 0.153988 0.015530 0.034953
0 0.817940 0.178178 0.018980 0.040343
0 0.868415 0.453676 0.009490 0.037632
0 0.413710 0.297835 0.097500 0.306511
0 0.375750 0.784299 0.030200 0.080623
1 0.272205 0.682150 0.138910 0.306417
1 0.319665 0.319283 0.064710 0.284922
1 0.617765 0.094860 0.122510 0.153209
1 0.752800 0.862243 0.116480 0.166667
1 0.908535 0.649907 0.124250 0.188162
1 0.937005 0.283006 0.060390 0.077975
1 0.727340 0.328707 0.036240 0.120966
1 0.473675 0.906589 0.074210 0.142461
1 0.157885 0.897181 0.048310 0.102150
1 0.053055 0.655265 0.095770 0.172025
