1 0.795946 0.628556 0.188955 0.462465
1 0.871879 0.217711 0.076808 0.320493
1 0.337797 0.867289 0.225198 0.225845
1 0.521144 0.870493 0.089746 0.253803
1 0.086723 0.633908 0.054350 0.098944
1 0.295099 0.687676 0.115621 0.094648
0 0.715268 0.155317 0.100085 0.243028
0 0.801554 0.050246 0.044859 0.100493
0 0.593630 0.135951 0.039689 0.105423
0 0.604845 0.597324 0.055226 0.073099
0 0.633305 0.927500 0.037966 0.096831
0 0.943927 0.851127 0.048305 0.103239
0 0.921483 0.523134 0.043136 0.105423
0 0.936158 0.252113 0.036215 0.083944
0 0.787331 0.339225 0.026751 0.055915
0 0.481031 0.251021 0.159633 0.400070
0 0.619506 0.442465 0.091441 0.150563
0 0.323559 0.184366 0.093164 0.215070
0 0.199322 0.130599 0.150113 0.185000
0 0.063856 0.133803 0.115621 0.251690
0 0.132444 0.381197 0.252797 0.230141
0 0.304590 0.569366 0.331328 0.124789
0 0.384393 0.711338 0.045734 0.064507
0 0.081102 0.882570 0.158757 0.234859
