1 0.872700 0.210566 0.228600 0.338684
1 0.427085 0.444734 0.082830 0.181339
1 0.048740 0.434781 0.085420 0.129515
1 0.689380 0.213591 0.091460 0.336744
1 0.555210 0.091051 0.075060 0.119561
1 0.363670 0.043222 0.073340 0.075727
1 0.198005 0.056178 0.052630 0.077714
1 0.295935 0.603152 0.044870 0.071755
1 0.183770 0.625069 0.037960 0.067737
1 0.053915 0.739654 0.047450 0.097644
1 0.870140 0.640012 0.075060 0.173372
1 0.720010 0.463661 0.075060 0.079700
0 0.205340 0.321201 0.060400 0.141478
0 0.178165 0.966813 0.076790 0.053811
0 0.472380 0.835289 0.042280 0.097644
0 0.505170 0.908025 0.042280 0.079700
0 0.486185 0.367021 0.021570 0.057783
0 0.608705 0.133891 0.021570 0.049815
0 0.880490 0.018314 0.018120 0.029885
0 0.691970 0.727691 0.024160 0.045820
0 0.403355 0.947875 0.035370 0.031871
0 0.179885 0.876143 0.050910 0.067760
0 0.114745 0.628060 0.051770 0.113580
0 0.077215 0.157794 0.154430 0.296882
0 0.337785 0.211594 0.180330 0.253072
0 0.313620 0.448718 0.116480 0.189307
1 0.389550 0.763557 0.071620 0.093672
1 0.555645 0.318199 0.082830 0.111594
1 0.607845 0.521443 0.071610 0.063764
1 0.683335 0.590208 0.046590 0.069746
0 0.519405 0.677875 0.022430 0.081709
0 0.624240 0.310231 0.012940 0.031871
0 0.487910 0.046201 0.031920 0.077714
0 0.321820 0.922125 0.100080 0.155751
0 0.677300 0.875150 0.182920 0.153441
0 0.871430 0.645000 0.201900 0.442379
0 0.921905 0.921975 0.078510 0.095635
