0 0.452722 0.169820 0.118263 0.131598
0 0.239826 0.247010 0.181351 0.205258
0 0.681371 0.058428 0.055174 0.063144
0 0.944846 0.390000 0.059112 0.080722
0 0.431042 0.668943 0.069653 0.059639
0 0.401467 0.822474 0.097220 0.085979
0 0.622896 0.731237 0.067027 0.092990
0 0.546004 0.482990 0.042046 0.077216
0 0.773996 0.490876 0.048610 0.103505
0 0.857471 0.610180 0.039421 0.061392
0 0.935000 0.577732 0.039421 0.094742
0 0.102510 0.886521 0.130116 0.143866
0 0.353494 0.961933 0.035483 0.056134
0 0.432355 0.048505 0.300927 0.097010
1 0.127471 0.418093 0.245753 0.112268
1 0.063089 0.647912 0.095907 0.266649
1 0.255598 0.665464 0.233900 0.210515
1 0.426429 0.481237 0.155097 0.136804
1 0.674788 0.606675 0.289112 0.128093
1 0.713552 0.812809 0.093282 0.217577
1 0.558494 0.878608 0.172124 0.142062
1 0.650483 0.425103 0.145830 0.210515
1 0.831815 0.383866 0.077529 0.078969
1 0.842336 0.493505 0.051236 0.091237
1 0.851544 0.064588 0.164247 0.114021
1 0.071622 0.198789 0.134054 0.263144
1 0.208938 0.068969 0.109073 0.105258
1 0.404749 0.283866 0.106409 0.068454
1 0.558494 0.196160 0.067027 0.135103
1 0.523668 0.369845 0.055212 0.075464
1 0.245734 0.889124 0.122201 0.166701
1 0.860097 0.918093 0.110386 0.119278
