0 0.066450 0.072458 0.110525 0.126317
0 0.068425 0.267192 0.103950 0.129817
0 0.070400 0.496142 0.100000 0.187717
0 0.133550 0.768075 0.247375 0.198250
0 0.175000 0.940883 0.261850 0.066667
0 0.444737 0.880358 0.238150 0.159650
0 0.713156 0.876842 0.198687 0.170183
0 0.919737 0.882108 0.151325 0.177183
0 0.481581 0.671575 0.230262 0.159650
0 0.785525 0.694383 0.285525 0.166667
0 0.347369 0.496142 0.319738 0.159650
0 0.323025 0.277717 0.318425 0.217533
0 0.327631 0.077725 0.356588 0.140350
0 0.661181 0.385608 0.276313 0.398250
0 0.894737 0.397892 0.185525 0.384217
0 0.543419 0.083867 0.040787 0.152633
1 0.774344 0.089117 0.365787 0.152633
