0 0.286177 0.343062 0.045828 0.050878
0 0.362564 0.408854 0.049650 0.035096
0 0.156305 0.502709 0.034382 0.026317
0 0.301457 0.559732 0.038205 0.028073
0 0.449464 0.646574 0.059207 0.033319
0 0.665268 0.670257 0.059207 0.049122
0 0.825699 0.713233 0.028648 0.043854
0 0.598427 0.843940 0.085944 0.066681
0 0.831422 0.871135 0.032448 0.033319
0 0.839056 0.816756 0.021002 0.026317
0 0.763625 0.747452 0.019091 0.024582
0 0.586970 0.069379 0.089744 0.100000
0 0.496259 0.023758 0.034382 0.026317
0 0.283217 0.199989 0.047925 0.021221
0 0.101876 0.207099 0.024825 0.028073
0 0.051270 0.246574 0.038205 0.022827
0 0.789406 0.143940 0.059184 0.059657
0 0.584114 0.245696 0.026737 0.038587
0 0.460932 0.446574 0.051562 0.057901
0 0.667179 0.420257 0.112681 0.156146
0 0.922145 0.144818 0.110769 0.236831
0 0.550676 0.593951 0.120326 0.128073
0 0.398846 0.752709 0.252098 0.164904
1 0.113333 0.803587 0.223450 0.326317
1 0.352075 0.915000 0.215804 0.121049
1 0.658636 0.944754 0.221655 0.082655
1 0.721608 0.837794 0.118415 0.100000
1 0.895396 0.942195 0.175688 0.066660
1 0.818054 0.580782 0.231072 0.133340
1 0.062727 0.499208 0.122238 0.219315
1 0.200233 0.584293 0.110769 0.080707
1 0.247028 0.450086 0.139417 0.107024
1 0.166818 0.093073 0.296014 0.133340
1 0.190688 0.244818 0.103147 0.107024
1 0.055093 0.326392 0.106970 0.080707
1 0.448520 0.261488 0.190979 0.105246
1 0.717786 0.060610 0.156597 0.092998
1 0.910676 0.433426 0.122238 0.098244
1 0.883939 0.742184 0.061119 0.098244
0 0.428462 0.119358 0.097389 0.140300
