0 0.623399 0.754441 0.089745 0.244965
0 0.735127 0.721434 0.038810 0.076713
0 0.727805 0.246434 0.043144 0.093706
0 0.376190 0.096294 0.114759 0.185315
0 0.337805 0.221958 0.022408 0.044755
0 0.242465 0.212413 0.018130 0.051119
0 0.260581 0.343392 0.018102 0.061748
0 0.213994 0.667098 0.023286 0.061748
0 0.328314 0.702238 0.024164 0.038322
0 0.463343 0.328462 0.018130 0.040420
0 0.895609 0.034825 0.023286 0.069650
0 0.830028 0.289056 0.011218 0.038392
0 0.881374 0.472238 0.020708 0.038322
1 0.040127 0.406189 0.074193 0.519650
1 0.123385 0.612797 0.066431 0.404615
1 0.277847 0.852413 0.211388 0.215175
1 0.406402 0.474371 0.176884 0.247063
1 0.581105 0.282692 0.158754 0.340769
1 0.758853 0.448776 0.153569 0.247063
1 0.868853 0.797028 0.130283 0.368462
1 0.926246 0.255000 0.096629 0.255594
1 0.804589 0.121853 0.101813 0.202308
1 0.702776 0.068601 0.072465 0.104336
1 0.470255 0.178287 0.049178 0.174615
1 0.397337 0.285874 0.074221 0.104336
1 0.223484 0.082448 0.164816 0.157622
1 0.200623 0.336993 0.094901 0.215105
1 0.259731 0.629860 0.047450 0.157622
1 0.191558 0.547832 0.056091 0.100140
1 0.063867 0.919510 0.104391 0.132028
0 0.496119 0.827902 0.135467 0.306713
