0 0.674322 0.885147 0.111199 0.173694
0 0.725917 0.446553 0.040031 0.068408
0 0.702790 0.506198 0.020455 0.036847
0 0.710795 0.570232 0.009788 0.035085
0 0.824216 0.432519 0.017790 0.015796
0 0.820212 0.503570 0.022241 0.042102
0 0.838891 0.622875 0.013346 0.028068
0 0.887817 0.724621 0.020462 0.028068
0 0.942085 0.775502 0.025799 0.035085
0 0.974996 0.633393 0.029350 0.063168
0 0.943864 0.245672 0.029357 0.115796
0 0.906501 0.241291 0.020462 0.043849
0 0.905165 0.150943 0.042696 0.070170
0 0.979444 0.115850 0.013339 0.049134
0 0.808648 0.075502 0.027578 0.056136
0 0.631626 0.342164 0.020462 0.042102
0 0.582253 0.271994 0.016011 0.028068
0 0.619616 0.094799 0.083621 0.150866
0 0.569353 0.433400 0.009788 0.021051
0 0.461270 0.773748 0.032022 0.045611
0 0.316274 0.721113 0.016011 0.042102
0 0.160153 0.421113 0.038252 0.077187
0 0.046289 0.186901 0.056042 0.110526
0 0.153926 0.054444 0.027571 0.052628
0 0.084984 0.060587 0.017790 0.036847
0 0.112559 0.481638 0.023127 0.057898
0 0.017821 0.935147 0.025799 0.063153
0 0.102332 0.733400 0.031136 0.049119
0 0.231763 0.831646 0.019577 0.038594
0 0.187727 0.531638 0.043589 0.066677
0 0.163711 0.908833 0.025792 0.049134
0 0.238433 0.463223 0.043589 0.087713
0 0.274910 0.426383 0.013346 0.028068
0 0.367864 0.171994 0.012453 0.028068
0 0.385212 0.226376 0.022241 0.052628
0 0.448821 0.455325 0.008895 0.022798
0 0.342962 0.590417 0.021348 0.029830
0 0.472390 0.046553 0.013339 0.022813
0 0.713907 0.050062 0.005337 0.015796
0 0.930074 0.431646 0.021356 0.031577
1 0.494632 0.607960 0.216160 0.208779
1 0.713017 0.675495 0.192147 0.147372
1 0.834444 0.873740 0.177022 0.214034
1 0.888264 0.574621 0.051591 0.156136
1 0.449263 0.901816 0.257085 0.150866
1 0.545337 0.764977 0.089843 0.077187
1 0.510196 0.394799 0.062273 0.119304
1 0.064079 0.341291 0.098738 0.138594
1 0.128131 0.181638 0.063158 0.100000
1 0.771732 0.157079 0.087179 0.107017
1 0.912281 0.058833 0.108527 0.054389
1 0.649412 0.497434 0.064937 0.163153
1 0.045842 0.657960 0.064052 0.378949
1 0.282026 0.900943 0.048926 0.121051
