0 0.363374 0.649171 0.121159 0.159642
0 0.239748 0.800928 0.071701 0.108780
0 0.259528 0.713210 0.029673 0.045623
0 0.125379 0.724615 0.033355 0.043873
0 0.054308 0.619350 0.029664 0.036844
0 0.032098 0.473733 0.064196 0.135080
0 0.162481 0.412328 0.016065 0.029828
0 0.205136 0.421983 0.022252 0.031578
0 0.228621 0.607069 0.014832 0.022812
0 0.174224 0.618475 0.014841 0.028064
0 0.106229 0.799178 0.012364 0.014032
0 0.092631 0.080756 0.180495 0.152626
0 0.218112 0.075484 0.016075 0.019297
0 0.230477 0.098296 0.011121 0.026326
0 0.179173 0.168475 0.012364 0.015782
0 0.419626 0.057069 0.028430 0.052626
0 0.543252 0.042155 0.018542 0.022798
0 0.657607 0.104436 0.017308 0.017546
0 0.743528 0.104436 0.075411 0.098236
0 0.897444 0.207944 0.046981 0.070186
0 0.987664 0.269350 0.024673 0.063156
0 0.986430 0.404436 0.027140 0.031578
0 0.980271 0.673733 0.017308 0.029828
0 0.956164 0.849171 0.013598 0.029828
0 0.789266 0.779874 0.058103 0.052639
0 0.703350 0.798296 0.024720 0.029828
0 0.630411 0.854436 0.042037 0.043859
0 0.623607 0.840398 0.139701 0.198249
0 0.530888 0.906194 0.028430 0.049125
0 0.515435 0.764085 0.098907 0.136844
0 0.598266 0.303561 0.046981 0.047361
0 0.486383 0.209702 0.025963 0.045610
0 0.565505 0.163210 0.016075 0.022812
0 0.832537 0.364967 0.013598 0.043859
0 0.669967 0.231631 0.019785 0.022812
0 0.626701 0.604436 0.024729 0.028077
0 0.694692 0.707951 0.017308 0.031578
0 0.747238 0.654436 0.021019 0.026326
0 0.241603 0.344788 0.030907 0.059655
0 0.268182 0.471107 0.049449 0.070172
0 0.315780 0.427248 0.030907 0.045610
0 0.342977 0.371107 0.025953 0.031578
0 0.318869 0.240398 0.017308 0.026313
0 0.276220 0.292155 0.028439 0.021048
0 0.289201 0.157944 0.019785 0.033342
0 0.373262 0.126366 0.009888 0.026313
0 0.392425 0.463210 0.023486 0.036844
0 0.428897 0.544788 0.029664 0.031592
0 0.495654 0.461452 0.024729 0.057891
0 0.348542 0.807944 0.017308 0.024562
0 0.323196 0.857069 0.018542 0.024562
0 0.305888 0.980756 0.028430 0.022812
0 0.453000 0.928123 0.008654 0.019297
0 0.440023 0.890398 0.027206 0.038594
0 0.456710 0.614967 0.016075 0.056141
0 0.839341 0.953561 0.022252 0.045610
0 0.614953 0.974609 0.025963 0.031578
1 0.678626 0.457069 0.195327 0.182467
1 0.875804 0.555318 0.149589 0.287719
1 0.697785 0.607062 0.065514 0.043859
1 0.771346 0.247420 0.140935 0.131578
1 0.905477 0.328999 0.087776 0.094735
1 0.941327 0.094788 0.097664 0.138594
1 0.465986 0.341280 0.173075 0.147361
1 0.158154 0.931631 0.244776 0.114032
1 0.382537 0.933389 0.080364 0.107016
1 0.409117 0.797414 0.079112 0.112281
1 0.160009 0.512328 0.132280 0.121048
1 0.142084 0.298296 0.138467 0.142109
1 0.403556 0.200928 0.102607 0.087719
1 0.483290 0.093906 0.079121 0.129828
1 0.600121 0.083382 0.043271 0.115782
1 0.538308 0.595663 0.087776 0.115782
1 0.185355 0.698296 0.054393 0.068422
