1 0.124712 0.815455 0.244293 0.349091
1 0.300668 0.827917 0.087147 0.289621
1 0.590995 0.854129 0.210524 0.232197
1 0.846401 0.860379 0.217408 0.244697
1 0.839071 0.619432 0.201021 0.172348
1 0.659162 0.630682 0.129424 0.154848
1 0.686780 0.408447 0.093194 0.199773
1 0.738115 0.218674 0.090576 0.109924
1 0.762696 0.380985 0.037958 0.154848
1 0.194974 0.403447 0.115602 0.399470
1 0.289018 0.454621 0.062120 0.197273
1 0.267448 0.100076 0.074215 0.167273
1 0.185052 0.130038 0.078534 0.097348
1 0.036217 0.191212 0.063848 0.359545
1 0.105668 0.389697 0.052644 0.212273
0 0.042251 0.468371 0.051780 0.169773
0 0.109123 0.565758 0.042277 0.109848
0 0.105236 0.178712 0.046597 0.129848
0 0.187644 0.021402 0.030209 0.029924
0 0.336047 0.233674 0.057801 0.169773
0 0.512068 0.247386 0.188953 0.481894
0 0.556924 0.641932 0.044005 0.117348
0 0.720000 0.866629 0.028482 0.097348
0 0.892552 0.264886 0.163063 0.476894
1 0.414987 0.849129 0.101806 0.222197
1 0.525432 0.239886 0.093168 0.222197
1 0.695838 0.051402 0.049162 0.054924
1 0.360641 0.073826 0.070759 0.079924
1 0.965039 0.666856 0.028455 0.087348
0 0.269607 0.626894 0.023298 0.067424
0 0.362801 0.889091 0.016387 0.047424
