0 0.295602 0.453152 0.129599 0.200000
0 0.517664 0.131223 0.126058 0.184185
0 0.596004 0.363668 0.073029 0.105272
0 0.808668 0.378587 0.121350 0.159674
0 0.717956 0.783859 0.118978 0.166630
0 0.819270 0.793505 0.052993 0.101793
0 0.631953 0.709293 0.036533 0.059674
0 0.909398 0.616304 0.065949 0.091196
0 0.452281 0.599647 0.073029 0.089511
0 0.241387 0.637364 0.056569 0.066685
0 0.305018 0.715435 0.063613 0.092935
0 0.135365 0.630326 0.054161 0.063152
0 0.137719 0.854022 0.051861 0.078913
0 0.197810 0.238234 0.075401 0.117554
0 0.388650 0.116304 0.032993 0.066630
1 0.171296 0.090870 0.328723 0.163152
1 0.346241 0.247880 0.183796 0.126304
1 0.072336 0.299647 0.135474 0.191250
1 0.107682 0.488234 0.208504 0.154402
1 0.118285 0.731250 0.199124 0.100000
1 0.311496 0.864538 0.272117 0.117554
1 0.530036 0.839103 0.136642 0.178967
1 0.402208 0.727717 0.088358 0.096522
1 0.543577 0.618071 0.100146 0.203533
1 0.702026 0.581223 0.172007 0.147337
1 0.832828 0.580353 0.054197 0.121033
1 0.928248 0.800516 0.131971 0.221033
1 0.934726 0.271576 0.119015 0.485978
1 0.734453 0.148777 0.234453 0.240380
1 0.692628 0.385598 0.094234 0.173696
1 0.474653 0.375109 0.148431 0.100000
1 0.502938 0.266304 0.084854 0.064891
