0 0.111238 0.107718 0.145245 0.184210
0 0.109056 0.234201 0.025417 0.057886
0 0.023119 0.238597 0.010895 0.028064
0 0.081820 0.345613 0.038738 0.059645
0 0.160496 0.375435 0.031458 0.031581
0 0.320282 0.018419 0.033897 0.036838
0 0.427402 0.018419 0.054461 0.036838
0 0.319669 0.091226 0.025417 0.028064
0 0.215576 0.178064 0.015735 0.036838
0 0.265208 0.270169 0.112574 0.150888
0 0.371115 0.249121 0.021789 0.056146
0 0.668278 0.127185 0.023002 0.033339
0 0.686440 0.250870 0.073836 0.119290
0 0.763303 0.416661 0.024203 0.036838
0 0.869216 0.593854 0.238456 0.310515
0 0.702169 0.769298 0.090784 0.121048
0 0.725778 0.910515 0.026630 0.031581
0 0.889792 0.898242 0.032672 0.035098
0 0.941838 0.767540 0.013309 0.019307
0 0.621072 0.692984 0.023002 0.045613
0 0.631360 0.549991 0.082304 0.089467
0 0.585968 0.591226 0.047206 0.045613
0 0.365674 0.839467 0.185196 0.194742
0 0.335404 0.967531 0.047206 0.054387
0 0.129026 0.795604 0.060527 0.078952
0 0.303940 0.667531 0.035110 0.054387
0 0.437089 0.725426 0.054473 0.075435
0 0.168364 0.530702 0.223934 0.261403
0 0.364461 0.413144 0.160980 0.100000
0 0.033401 0.825435 0.038738 0.043872
0 0.120558 0.713153 0.089571 0.078952
1 0.441324 0.578943 0.225147 0.175435
1 0.560551 0.849121 0.170662 0.238597
1 0.800214 0.870169 0.083517 0.207016
1 0.956366 0.898242 0.073836 0.168419
1 0.878897 0.823677 0.049632 0.078934
1 0.930337 0.326314 0.123468 0.178952
1 0.602917 0.414032 0.255392 0.126323
1 0.507892 0.185959 0.244510 0.249112
1 0.696728 0.057895 0.077475 0.066661
