0 0.831293 0.050655 0.064713 0.091103
0 0.737687 0.626345 0.025891 0.057931
0 0.822227 0.852034 0.029339 0.045586
0 0.367974 0.882103 0.026753 0.068345
0 0.307572 0.903828 0.031925 0.062138
0 0.100057 0.119000 0.025862 0.070414
0 0.732069 0.938448 0.114770 0.123103
0 0.963305 0.601483 0.030172 0.074552
0 0.395575 0.079690 0.057816 0.091103
0 0.313606 0.108655 0.052615 0.115931
0 0.032342 0.518655 0.033649 0.086966
0 0.352428 0.595276 0.030201 0.045586
0 0.279095 0.628414 0.030201 0.062069
0 0.183750 0.828241 0.022443 0.055931
0 0.191523 0.512448 0.015517 0.033172
0 0.162615 0.094172 0.019828 0.078690
1 0.527155 0.778517 0.272644 0.412069
1 0.735517 0.766103 0.119943 0.192621
1 0.810589 0.504172 0.107845 0.273310
1 0.897730 0.844793 0.102701 0.283655
1 0.303678 0.755759 0.131149 0.134552
1 0.683750 0.293966 0.119914 0.271241
1 0.820086 0.233931 0.130287 0.192552
1 0.155273 0.326103 0.182902 0.219517
1 0.108693 0.787862 0.089741 0.339586
1 0.188075 0.661552 0.051782 0.194690
1 0.505575 0.173862 0.122529 0.155310
1 0.684612 0.070345 0.090603 0.109793
