0 0.552919 0.427726 0.045787 0.082522
0 0.812394 0.806638 0.055962 0.110517
0 0.321931 0.602252 0.035613 0.073685
0 0.245619 0.105754 0.033588 0.059655
0 0.173881 0.307522 0.038662 0.059655
0 0.953319 0.109267 0.046813 0.080690
0 0.665356 0.424181 0.022387 0.040345
0 0.897356 0.411024 0.016287 0.031573
0 0.539694 0.290851 0.025438 0.040366
0 0.308712 0.901369 0.037650 0.043858
0 0.491356 0.932080 0.018313 0.031573
0 0.441500 0.849623 0.024425 0.024547
0 0.013619 0.600496 0.007112 0.035086
0 0.050756 0.839095 0.022388 0.035086
0 0.262412 0.619795 0.020350 0.042091
0 0.677056 0.092597 0.025438 0.033341
1 0.103669 0.131552 0.189263 0.250862
1 0.250706 0.263125 0.084462 0.194741
1 0.113850 0.559623 0.170950 0.233341
1 0.158619 0.809623 0.142462 0.189461
1 0.322444 0.777166 0.136362 0.145625
1 0.581919 0.828922 0.175012 0.154397
1 0.613969 0.950841 0.182137 0.064914
1 0.865812 0.536810 0.126175 0.124569
1 0.647038 0.596466 0.099725 0.064914
1 0.732006 0.524526 0.104813 0.082457
1 0.967562 0.899095 0.050875 0.161422
1 0.851562 0.077166 0.136350 0.124547
1 0.442512 0.303481 0.109900 0.170194
