0 0.193088 0.170249 0.066016 0.091244
0 0.056116 0.224627 0.101155 0.270149
0 0.208526 0.272015 0.068845 0.073682
0 0.138307 0.540423 0.108167 0.150896
0 0.072968 0.683383 0.073028 0.071940
0 0.142510 0.848308 0.035139 0.047363
0 0.280199 0.679005 0.060398 0.084179
0 0.318127 0.790423 0.060398 0.054378
0 0.348327 0.888657 0.047729 0.057910
0 0.376414 0.953582 0.064622 0.075423
0 0.478287 0.881642 0.155936 0.135124
0 0.620179 0.843930 0.113825 0.122786
0 0.712888 0.836020 0.054781 0.061393
0 0.692530 0.946542 0.042112 0.036866
0 0.663028 0.974627 0.033705 0.019303
0 0.805618 0.819353 0.023904 0.042090
0 0.873068 0.723731 0.035139 0.057910
0 0.976315 0.651816 0.039323 0.054378
0 0.787371 0.671990 0.049163 0.056119
0 0.628606 0.664104 0.037928 0.050896
0 0.697450 0.646542 0.037928 0.029801
0 0.697450 0.581642 0.035139 0.043881
0 0.617371 0.506219 0.026693 0.033333
0 0.354661 0.658831 0.026693 0.061443
0 0.441056 0.644801 0.078685 0.082438
0 0.453705 0.435149 0.118008 0.143831
0 0.417869 0.557090 0.077251 0.092985
0 0.419283 0.251816 0.091315 0.107015
0 0.405219 0.170249 0.049163 0.063184
0 0.553446 0.263234 0.112390 0.157910
0 0.639861 0.348308 0.116614 0.142090
0 0.769104 0.246542 0.127849 0.163134
0 0.908884 0.346567 0.120797 0.191244
0 0.741693 0.500995 0.112390 0.117413
0 0.769801 0.071990 0.039363 0.052637
0 0.632829 0.043035 0.110996 0.071940
0 0.951753 0.122886 0.080080 0.147363
1 0.056096 0.875498 0.084303 0.161443
1 0.179044 0.730771 0.080080 0.124527
1 0.240857 0.897438 0.108167 0.156169
1 0.540100 0.640423 0.094143 0.231592
1 0.886394 0.934279 0.199482 0.117512
1 0.923625 0.819353 0.122231 0.094726
1 0.875159 0.566716 0.092709 0.189453
1 0.363785 0.075498 0.280956 0.108806
1 0.155159 0.049204 0.074462 0.066667
1 0.843546 0.088657 0.060398 0.096517
1 0.271056 0.360597 0.126414 0.057910
1 0.554841 0.462338 0.047769 0.064876
1 0.698845 0.732537 0.077291 0.071940
