0 0.149444 0.192169 0.060063 0.133333
0 0.183844 0.357952 0.026212 0.043855
0 0.159813 0.586908 0.034950 0.042088
0 0.170738 0.778133 0.037125 0.059639
0 0.267388 0.805331 0.022925 0.047369
0 0.259744 0.732520 0.016387 0.031586
0 0.310525 0.895673 0.010925 0.024558
0 0.421919 0.869367 0.019662 0.024558
0 0.466694 0.922871 0.050237 0.064900
0 0.650719 0.980773 0.025113 0.029819
0 0.673106 0.803624 0.019663 0.029739
0 0.665462 0.614096 0.277400 0.328072
0 0.688394 0.314096 0.146337 0.198233
0 0.560075 0.143052 0.051325 0.045622
0 0.651262 0.241295 0.028400 0.045602
0 0.750100 0.189538 0.031675 0.047349
0 0.820538 0.024629 0.021850 0.029819
0 0.989994 0.689538 0.020012 0.040361
0 0.319806 0.496546 0.016387 0.033333
0 0.316531 0.545673 0.090638 0.131586
0 0.219331 0.537781 0.018562 0.035080
0 0.343287 0.288665 0.144150 0.221064
0 0.392981 0.136908 0.036037 0.054378
0 0.362950 0.053564 0.041500 0.052631
0 0.461781 0.043052 0.022938 0.056145
0 0.524575 0.014508 0.028400 0.029016
0 0.012375 0.953574 0.024025 0.049116
0 0.023300 0.050944 0.017475 0.040361
0 0.054975 0.050060 0.019650 0.028072
0 0.362944 0.640412 0.021837 0.036847
0 0.501644 0.621998 0.030588 0.024558
0 0.419737 0.668484 0.013100 0.026325
0 0.479800 0.743052 0.013100 0.038594
0 0.870225 0.564096 0.027300 0.031566
0 0.859856 0.154408 0.013113 0.022871
0 0.885519 0.136024 0.029488 0.038594
0 0.862038 0.311476 0.017475 0.024558
0 0.583031 0.314096 0.025162 0.026305
1 0.081188 0.420241 0.117950 0.189478
1 0.077906 0.836034 0.111388 0.203514
1 0.229169 0.921988 0.129963 0.122811
1 0.214425 0.694809 0.058975 0.114036
1 0.322537 0.732520 0.061150 0.150863
1 0.407725 0.758835 0.048050 0.063173
1 0.361312 0.907088 0.044775 0.100000
1 0.680750 0.915853 0.061150 0.117530
1 0.963056 0.521124 0.046963 0.177189
1 0.890981 0.795683 0.090637 0.150884
1 0.922650 0.270241 0.084100 0.135100
1 0.936300 0.102691 0.048050 0.112289
1 0.650719 0.107088 0.060063 0.089478
1 0.490719 0.241285 0.091737 0.133333
1 0.453044 0.508835 0.081912 0.100000
1 0.163087 0.074629 0.159450 0.091225
1 0.063162 0.206205 0.090650 0.126305
1 0.235719 0.359719 0.049138 0.156145
1 0.520756 0.394799 0.105938 0.061406
1 0.835281 0.443052 0.046962 0.094739
