1 0.347311 0.334133 0.049111 0.040356
1 0.689422 0.423622 0.073689 0.064933
1 0.541178 0.601689 0.096489 0.073689
1 0.487644 0.748178 0.052622 0.054400
1 0.663978 0.506089 0.043867 0.057867
0 0.113978 0.023644 0.045644 0.026311
0 0.790289 0.149933 0.082444 0.061378
0 0.786800 0.243800 0.085956 0.073644
0 0.581533 0.267489 0.275422 0.201733
0 0.462222 0.446444 0.310489 0.138578
0 0.321867 0.595556 0.307022 0.191200
0 0.169133 0.731511 0.222622 0.200000
0 0.104311 0.912222 0.180711 0.164889
0 0.379756 0.778000 0.082444 0.114044
0 0.346422 0.923622 0.222800 0.128044
0 0.549067 0.873644 0.189511 0.133333
0 0.632400 0.745556 0.201778 0.164889
0 0.768356 0.640289 0.301778 0.161378
0 0.897311 0.576244 0.198267 0.156133
0 0.796422 0.446422 0.049111 0.043867
0 0.865733 0.337667 0.145600 0.110533
0 0.916622 0.225378 0.092978 0.131556
0 0.354333 0.078889 0.028044 0.031556
0 0.397289 0.095556 0.033333 0.022844
0 0.454333 0.048178 0.038622 0.033333
0 0.036778 0.308711 0.045644 0.042133
0 0.085022 0.222756 0.026311 0.024533
0 0.085044 0.442044 0.015778 0.024533
0 0.229778 0.391156 0.028089 0.021067
0 0.014000 0.628889 0.028000 0.022844
0 0.143800 0.565733 0.021022 0.026311
0 0.582400 0.135822 0.035111 0.029689
0 0.797311 0.768356 0.029822 0.021067
1 0.205200 0.192933 0.200000 0.231556
1 0.369244 0.229778 0.064889 0.126311
1 0.739422 0.067489 0.426311 0.082444
1 0.904333 0.871000 0.117556 0.212311
1 0.747311 0.919244 0.154356 0.126311
1 0.063978 0.547311 0.086000 0.098267
1 0.144689 0.405200 0.064933 0.119289
1 0.054311 0.378889 0.059644 0.045600
1 0.032422 0.134133 0.064844 0.159644
1 0.240311 0.461356 0.059644 0.049111
