0 0.196193 0.694768 0.088242 0.150880
0 0.155111 0.887752 0.026374 0.035088
0 0.203293 0.943896 0.035504 0.042096
0 0.245389 0.421968 0.070999 0.117536
0 0.189093 0.309680 0.183589 0.370176
0 0.225606 0.046528 0.108529 0.089472
0 0.373723 0.106176 0.039602 0.071936
0 0.559320 0.082496 0.037530 0.070176
0 0.483247 0.146528 0.017243 0.029824
0 0.511142 0.168456 0.026374 0.035088
0 0.482743 0.196520 0.020287 0.035088
0 0.497447 0.263192 0.033469 0.066672
0 0.572507 0.155304 0.019278 0.026320
0 0.709949 0.065824 0.014200 0.029824
0 0.775879 0.054416 0.014200 0.021056
0 0.951869 0.081616 0.025365 0.036832
0 0.967081 0.043896 0.021304 0.042096
0 0.969616 0.143024 0.014200 0.029824
0 0.951364 0.307928 0.026374 0.033328
0 0.883908 0.466696 0.029408 0.045616
0 0.868182 0.559688 0.026374 0.024560
0 0.827613 0.550032 0.024348 0.029824
0 0.837757 0.575472 0.099399 0.140352
0 0.885426 0.814944 0.060860 0.092992
0 0.575046 0.842136 0.038548 0.066672
0 0.416300 0.679864 0.023330 0.036848
0 0.627280 0.707936 0.023330 0.029824
0 0.750523 0.832488 0.014200 0.033328
0 0.698793 0.938632 0.022322 0.028080
0 0.942234 0.974600 0.073034 0.043856
0 0.535990 0.837752 0.019269 0.033328
0 0.537512 0.750040 0.046660 0.085968
0 0.314362 0.648280 0.018252 0.026320
0 0.407683 0.550912 0.026374 0.024576
0 0.488825 0.475472 0.018261 0.021056
0 0.275310 0.553536 0.021295 0.029824
0 0.136855 0.312312 0.010139 0.017552
0 0.119112 0.754416 0.013210 0.021056
0 0.143955 0.085992 0.018252 0.035088
1 0.083599 0.931616 0.076078 0.091232
1 0.357470 0.746520 0.082155 0.114032
1 0.587216 0.589504 0.275893 0.150880
1 0.694736 0.764944 0.064921 0.119296
1 0.626267 0.826352 0.037530 0.087712
1 0.614602 0.358800 0.166355 0.229824
1 0.758640 0.422840 0.097373 0.115792
1 0.787549 0.165824 0.080130 0.085952
1 0.954403 0.536880 0.083182 0.270176
1 0.805296 0.908808 0.052738 0.108784
1 0.362544 0.313192 0.086216 0.198256
1 0.346822 0.546528 0.054773 0.149120
1 0.061795 0.630736 0.071008 0.173696
