0 0.035403 0.474633 0.017634 0.028065
0 0.094814 0.572001 0.065904 0.114032
0 0.064182 0.638673 0.051047 0.064912
0 0.057219 0.662353 0.020427 0.024560
0 0.093883 0.744809 0.025066 0.038592
0 0.111059 0.980777 0.029705 0.029824
0 0.087552 0.881650 0.175105 0.235088
0 0.159787 0.759721 0.034344 0.078944
0 0.196455 0.895689 0.014849 0.028065
0 0.189492 0.730777 0.025066 0.049120
0 0.229868 0.782537 0.022281 0.040352
0 0.418301 0.890425 0.053840 0.084223
0 0.523192 0.936913 0.096532 0.096496
0 0.720434 0.880806 0.019488 0.026364
0 0.801660 0.774633 0.022281 0.031584
0 0.786808 0.824641 0.024135 0.043856
0 0.896804 0.946569 0.043631 0.063167
0 0.944143 0.626386 0.106749 0.184208
0 0.986377 0.497441 0.014849 0.031569
0 0.884275 0.447427 0.016711 0.029780
0 0.859213 0.360601 0.018565 0.038592
0 0.923262 0.294809 0.087254 0.110528
0 0.964566 0.079897 0.038053 0.059648
0 0.940431 0.119370 0.013926 0.019296
0 0.882882 0.100073 0.030636 0.036833
0 0.838790 0.494809 0.066827 0.128065
0 0.721835 0.481657 0.070543 0.077185
0 0.545004 0.612361 0.038061 0.050880
0 0.464247 0.571129 0.036206 0.059648
0 0.460070 0.631657 0.027851 0.047361
0 0.292064 0.495689 0.074259 0.126305
0 0.183922 0.271129 0.036206 0.098240
0 0.242401 0.155345 0.071474 0.105264
0 0.290206 0.031650 0.029705 0.043856
0 0.316195 0.199201 0.024135 0.042097
0 0.415981 0.274641 0.015780 0.024560
0 0.392312 0.467617 0.020419 0.045616
0 0.519480 0.239553 0.022281 0.024560
0 0.635970 0.258849 0.025066 0.052625
0 0.617870 0.354457 0.024135 0.040352
0 0.612300 0.410601 0.014856 0.040352
0 0.499057 0.040425 0.014856 0.026305
0 0.672172 0.040425 0.021350 0.040352
0 0.837859 0.078145 0.031559 0.077199
0 0.906552 0.043937 0.027843 0.033328
0 0.055826 0.137793 0.080760 0.094736
0 0.106416 0.252705 0.057548 0.135088
0 0.146330 0.354465 0.014849 0.036848
0 0.189492 0.432529 0.012064 0.028079
0 0.203413 0.492185 0.010209 0.028065
0 0.495807 0.447449 0.160582 0.159648
1 0.302273 0.909729 0.152227 0.154384
1 0.573317 0.774633 0.233910 0.157889
1 0.638293 0.927265 0.116959 0.115792
1 0.799341 0.922881 0.112320 0.107023
1 0.906552 0.802705 0.131815 0.115792
1 0.781707 0.673754 0.169868 0.110528
1 0.631796 0.605337 0.081683 0.107009
1 0.741792 0.336034 0.142017 0.164912
1 0.402056 0.142177 0.136447 0.124560
1 0.359360 0.330777 0.065904 0.098240
1 0.231265 0.620249 0.158728 0.129824
1 0.054600 0.386041 0.109201 0.100000
1 0.154220 0.096569 0.073328 0.149120
1 0.733898 0.177265 0.118813 0.092977
1 0.576563 0.246569 0.047339 0.182463
1 0.906086 0.193937 0.145733 0.063152
