1 0.613856 0.567102 0.284732 0.152276
0 0.800480 0.576412 0.073340 0.141526
0 0.881328 0.860904 0.039691 0.077041
0 0.690216 0.911961 0.064713 0.093159
0 0.329990 0.803581 0.024159 0.051954
0 0.078478 0.594893 0.026744 0.028608
0 0.145348 0.930770 0.024159 0.051954
0 0.415409 0.139833 0.029336 0.050161
0 0.438275 0.041312 0.014668 0.042999
1 0.134994 0.765060 0.255390 0.261553
1 0.304536 0.948688 0.240729 0.077028
1 0.485297 0.818802 0.238137 0.150482
1 0.549146 0.952269 0.191547 0.091365
1 0.792888 0.909277 0.107853 0.141526
1 0.941725 0.908373 0.065577 0.171981
1 0.775203 0.733708 0.163933 0.145114
1 0.929213 0.416620 0.137189 0.757791
1 0.706177 0.249116 0.283005 0.465783
1 0.501689 0.691613 0.346847 0.089572
1 0.645780 0.787456 0.056950 0.062704
1 0.358034 0.496345 0.183778 0.261553
1 0.471489 0.263447 0.155306 0.125395
1 0.505142 0.406767 0.084558 0.128983
1 0.130680 0.470361 0.248491 0.195261
1 0.047850 0.177456 0.067305 0.300964
1 0.347676 0.185522 0.064713 0.313507
0 0.197115 0.159545 0.188092 0.293788
0 0.500825 0.235683 0.020709 0.026867
0 0.671663 0.238367 0.015525 0.035823
0 0.487453 0.628909 0.014662 0.042985
0 0.460706 0.830442 0.018124 0.041205
