0 0.096146 0.216691 0.184042 0.378960
0 0.149991 0.346518 0.066575 0.112277
0 0.047201 0.619323 0.088103 0.222805
0 0.046708 0.691254 0.034263 0.068416
0 0.039369 0.817574 0.019586 0.068416
0 0.262569 0.553548 0.254530 0.470132
0 0.437808 0.748276 0.070479 0.119290
0 0.328163 0.957921 0.101814 0.071914
0 0.567518 0.914934 0.151740 0.154389
0 0.835760 0.873705 0.079291 0.117541
0 0.913587 0.935990 0.129217 0.126304
0 0.826455 0.672830 0.080276 0.108762
0 0.848973 0.753540 0.023490 0.038597
0 0.781915 0.308804 0.132155 0.194736
0 0.902818 0.052657 0.035249 0.061419
0 0.413333 0.041254 0.225157 0.080693
0 0.989098 0.221955 0.021805 0.210512
1 0.543048 0.386865 0.284880 0.554389
1 0.625276 0.746518 0.265285 0.119307
1 0.721220 0.914059 0.112587 0.152640
1 0.925336 0.605289 0.113564 0.429818
1 0.774084 0.520206 0.157615 0.161403
1 0.905755 0.234233 0.093978 0.252624
1 0.769678 0.100033 0.142928 0.166667
1 0.609618 0.056172 0.132164 0.089472
1 0.294392 0.204414 0.186980 0.161403
1 0.239572 0.064068 0.071464 0.084208
1 0.166146 0.898276 0.190893 0.159653
1 0.377601 0.862302 0.188941 0.094736
1 0.429489 0.953531 0.077339 0.052640
1 0.034471 0.912310 0.046989 0.078944
1 0.095658 0.774587 0.051888 0.049109
1 0.734926 0.646518 0.069503 0.063168
1 0.798066 0.772830 0.054825 0.049125
1 0.812261 0.964942 0.046013 0.036848
