0 0.039616 0.173704 0.017710 0.066671
0 0.116120 0.189495 0.041935 0.059645
0 0.192953 0.132476 0.031775 0.075430
0 0.226033 0.078090 0.015746 0.036835
0 0.249793 0.251774 0.031587 0.050887
0 0.216667 0.184229 0.034478 0.052633
0 0.298721 0.173704 0.030659 0.063151
0 0.185029 0.299141 0.014072 0.036835
0 0.125395 0.634229 0.015935 0.029823
0 0.023304 0.795634 0.027957 0.029823
0 0.025685 0.723683 0.030848 0.050914
0 0.359754 0.731596 0.053957 0.094734
0 0.316004 0.836862 0.098775 0.178936
0 0.376482 0.871951 0.052181 0.101746
0 0.599710 0.809673 0.135029 0.229823
0 0.709667 0.701780 0.032710 0.056139
0 0.748341 0.854407 0.042768 0.105266
0 0.822467 0.782476 0.110891 0.178950
0 0.894178 0.735982 0.021529 0.036849
0 0.937551 0.792121 0.027957 0.033329
0 0.889982 0.921944 0.022268 0.043861
0 0.848562 0.934229 0.017703 0.022810
0 0.876471 0.980723 0.008478 0.024557
0 0.841946 0.616685 0.017703 0.033342
0 0.897906 0.637742 0.013884 0.033329
0 0.802435 0.571951 0.027957 0.052633
0 0.978975 0.514052 0.040167 0.129823
0 0.948688 0.207040 0.020406 0.035089
0 0.984565 0.216685 0.017797 0.033342
0 0.972873 0.303527 0.052181 0.143861
0 0.943098 0.018438 0.037370 0.026317
0 0.896504 0.011419 0.024138 0.012278
0 0.888072 0.049147 0.024232 0.031583
0 0.836819 0.245634 0.188232 0.326303
0 0.692380 0.230723 0.020500 0.036835
0 0.609960 0.185109 0.047428 0.096494
0 0.563366 0.378970 0.032703 0.063151
0 0.589877 0.424577 0.009319 0.031583
0 0.617413 0.540368 0.026928 0.045621
0 0.578275 0.557040 0.038116 0.071924
0 0.459507 0.587735 0.027957 0.035089
0 0.664475 0.472824 0.068862 0.124557
0 0.446370 0.281596 0.014913 0.029823
0 0.400804 0.175457 0.014913 0.024557
0 0.369072 0.145634 0.011275 0.021064
0 0.357891 0.101780 0.011275 0.021050
0 0.319174 0.034229 0.030754 0.054379
0 0.314562 0.572831 0.012210 0.033329
0 0.376482 0.566692 0.014906 0.021050
0 0.397913 0.507913 0.014913 0.019291
0 0.396051 0.423704 0.014913 0.026317
0 0.420326 0.393001 0.029725 0.031569
0 0.439895 0.371951 0.018543 0.024557
0 0.059279 0.387735 0.017703 0.035089
0 0.029457 0.528090 0.019565 0.021064
1 0.097391 0.761419 0.056841 0.164911
1 0.132848 0.503527 0.124029 0.119304
1 0.088583 0.293881 0.102601 0.107026
1 0.356493 0.405293 0.058609 0.245621
1 0.491612 0.485109 0.096080 0.103506
1 0.510717 0.223704 0.117319 0.208772
1 0.534946 0.055280 0.268471 0.082456
1 0.862960 0.531596 0.065138 0.140355
1 0.836913 0.235109 0.087594 0.084216
1 0.595051 0.803533 0.047435 0.059645
1 0.458533 0.809673 0.102413 0.236835
1 0.717587 0.607913 0.108000 0.100000
1 0.757196 0.471078 0.073710 0.100000
1 0.664007 0.359666 0.105391 0.049127
1 0.948225 0.907920 0.064391 0.121050
1 0.358359 0.638615 0.118254 0.063151
