1 0.565279 0.803503 0.196357 0.277166
1 0.775651 0.749091 0.156134 0.200000
1 0.862249 0.515775 0.207323 0.207059
1 0.935428 0.720160 0.090260 0.110481
1 0.951283 0.864893 0.058550 0.136845
1 0.917732 0.299118 0.152416 0.163155
1 0.778086 0.264011 0.073197 0.096471
1 0.853699 0.106123 0.146357 0.180695
1 0.593327 0.182433 0.152454 0.122834
1 0.160353 0.142112 0.276840 0.228075
1 0.300019 0.392968 0.131710 0.203476
1 0.061561 0.382460 0.081710 0.126310
0 0.408550 0.375401 0.036580 0.056150
0 0.291487 0.539465 0.024387 0.047380
1 0.144517 0.728930 0.267100 0.440321
0 0.975056 0.169278 0.047584 0.075455
0 0.765892 0.929813 0.158550 0.084225
0 0.814665 0.369278 0.034164 0.054385
0 0.890911 0.812246 0.028067 0.038610
0 0.711636 0.186818 0.030483 0.050856
0 0.745762 0.102620 0.045130 0.033369
0 0.607955 0.034171 0.035390 0.026310
0 0.477454 0.067513 0.059740 0.089465
0 0.601245 0.450856 0.251264 0.350909
0 0.379907 0.213128 0.062193 0.075455
0 0.160372 0.362273 0.084164 0.085936
0 0.346357 0.911390 0.100000 0.121070
1 0.375019 0.696471 0.157323 0.203529
