0 0.017100 0.057888 0.022809 0.033339
0 0.082449 0.140340 0.072809 0.170174
0 0.014027 0.173679 0.023687 0.117547
0 0.081135 0.340340 0.092983 0.191218
0 0.030257 0.531566 0.021052 0.040348
0 0.244731 0.348228 0.090348 0.171930
0 0.315348 0.271044 0.028070 0.052627
0 0.348240 0.256131 0.109644 0.236851
0 0.266222 0.192967 0.024565 0.057896
0 0.253062 0.084201 0.015791 0.019288
0 0.192536 0.042975 0.022809 0.035095
0 0.243853 0.606131 0.023687 0.035079
0 0.229379 0.693853 0.019296 0.038592
0 0.253940 0.735079 0.017547 0.040348
0 0.218853 0.785949 0.024557 0.043861
0 0.131135 0.925427 0.049122 0.084209
0 0.031574 0.764905 0.016661 0.036835
0 0.332449 0.835071 0.046495 0.061408
0 0.305261 0.934201 0.164035 0.077199
0 0.484205 0.803497 0.020182 0.061392
0 0.637275 0.884201 0.047366 0.085965
0 0.842100 0.912271 0.090356 0.124573
0 0.853505 0.690340 0.150000 0.305269
0 0.968418 0.698236 0.051756 0.103497
0 0.976748 0.488592 0.017547 0.056139
0 0.855257 0.463141 0.083331 0.142104
0 0.815344 0.361392 0.019296 0.029810
0 0.759205 0.798236 0.031574 0.050870
0 0.883766 0.764897 0.028070 0.050870
0 0.667100 0.618410 0.096495 0.161408
0 0.699992 0.420166 0.109652 0.189478
0 0.622801 0.125427 0.025443 0.035095
0 0.738576 0.119288 0.021899 0.054399
0 0.860961 0.162263 0.010530 0.028070
0 0.910083 0.036828 0.017540 0.036851
0 0.964470 0.185079 0.017547 0.024557
0 0.466222 0.042967 0.061400 0.070174
0 0.419292 0.166653 0.048252 0.078940
0 0.474553 0.221036 0.030704 0.054383
0 0.419292 0.530688 0.060530 0.105269
0 0.445609 0.692975 0.067547 0.128070
0 0.485522 0.640340 0.017547 0.036851
0 0.545609 0.361392 0.007896 0.029810
0 0.413153 0.382445 0.013157 0.029826
0 0.280261 0.500870 0.014035 0.028070
0 0.318853 0.416653 0.014035 0.038592
0 0.368853 0.405245 0.014035 0.026313
0 0.453066 0.378054 0.010530 0.024557
0 0.467979 0.274549 0.010530 0.021060
0 0.497801 0.135071 0.017547 0.026313
0 0.520170 0.188592 0.009644 0.028070
1 0.112275 0.646479 0.114913 0.336851
1 0.041661 0.899114 0.077199 0.105253
1 0.224114 0.510514 0.070174 0.092991
1 0.322366 0.668410 0.098244 0.205269
1 0.428501 0.874549 0.066669 0.157896
1 0.553505 0.822801 0.090348 0.275443
1 0.664909 0.771915 0.100878 0.107025
1 0.724992 0.904375 0.101756 0.112294
1 0.748240 0.638592 0.046495 0.184209
1 0.783766 0.442975 0.038592 0.119304
1 0.818418 0.251748 0.067547 0.154383
1 0.931574 0.303505 0.102627 0.142104
1 0.804379 0.085957 0.095609 0.145617
1 0.724996 0.231566 0.077191 0.138608
1 0.611835 0.235079 0.115791 0.135095
1 0.555257 0.493845 0.127191 0.224557
1 0.185083 0.164027 0.081574 0.157896
1 0.337714 0.070158 0.116661 0.103513
1 0.560079 0.074549 0.070174 0.112294
1 0.678066 0.074549 0.065783 0.098244
1 0.336835 0.501748 0.067547 0.061408
