0 0.106389 0.704409 0.021744 0.035092
0 0.197713 0.900026 0.023481 0.036850
0 0.182492 0.632480 0.027833 0.056142
0 0.148136 0.569324 0.028699 0.059646
0 0.206845 0.520203 0.031308 0.028071
0 0.085075 0.679849 0.104372 0.203504
0 0.020712 0.523714 0.026096 0.066667
0 0.121174 0.426339 0.080891 0.142100
0 0.237287 0.385991 0.022615 0.029829
0 0.230764 0.414941 0.014789 0.014029
0 0.289476 0.507920 0.046968 0.091220
0 0.348185 0.455295 0.016526 0.028071
0 0.459079 0.411430 0.080020 0.175433
0 0.389496 0.378097 0.019135 0.049134
0 0.479519 0.603537 0.042615 0.096496
0 0.459079 0.712303 0.024353 0.036837
0 0.420377 0.666693 0.016526 0.033333
0 0.507352 0.771076 0.025218 0.031575
0 0.385582 0.889501 0.023487 0.064908
0 0.414284 0.868451 0.013045 0.033333
0 0.511265 0.928097 0.013917 0.022808
0 0.608247 0.803537 0.018263 0.029829
0 0.636949 0.811430 0.016526 0.035092
0 0.630426 0.746522 0.036532 0.056142
0 0.784811 0.820203 0.035660 0.059646
0 0.761327 0.968451 0.011308 0.022808
0 0.840039 0.950026 0.015654 0.017533
0 0.867440 0.894764 0.020007 0.026325
0 0.913972 0.871083 0.012173 0.017546
0 0.946984 0.702657 0.106031 0.178937
0 0.923536 0.573714 0.041750 0.068425
0 0.840039 0.587743 0.012180 0.043858
0 0.737407 0.559678 0.024353 0.061404
0 0.747843 0.629849 0.017391 0.019304
0 0.904405 0.323714 0.017398 0.045617
0 0.935280 0.418451 0.014789 0.031575
0 0.954414 0.350026 0.053058 0.105276
0 0.883966 0.109652 0.134815 0.196444
0 0.659128 0.035997 0.048705 0.066667
0 0.623032 0.134239 0.086103 0.168425
0 0.684349 0.163182 0.045224 0.075446
0 0.759151 0.242133 0.038276 0.078937
0 0.625205 0.310551 0.012180 0.026325
0 0.530400 0.297395 0.017391 0.042113
0 0.521705 0.217572 0.017398 0.019291
0 0.384281 0.269324 0.033051 0.084213
0 0.338182 0.314062 0.045224 0.064921
0 0.350791 0.374587 0.030442 0.042113
0 0.255986 0.235112 0.049577 0.057887
0 0.165530 0.264062 0.026962 0.042113
0 0.160748 0.087749 0.038269 0.050879
0 0.239027 0.039495 0.024353 0.017546
0 0.328614 0.041253 0.017398 0.021063
0 0.366448 0.021955 0.023487 0.021050
0 0.088992 0.096516 0.032180 0.068412
0 0.023325 0.120203 0.020872 0.042113
0 0.044632 0.160551 0.021744 0.035092
0 0.022889 0.197395 0.009564 0.021063
0 0.022453 0.254416 0.031308 0.050879
0 0.361662 0.099147 0.019135 0.056142
1 0.292082 0.778097 0.139167 0.217533
1 0.082033 0.905289 0.146994 0.131575
1 0.292082 0.950026 0.121770 0.066667
1 0.441685 0.956168 0.073064 0.064908
1 0.454730 0.832487 0.062628 0.115787
1 0.566496 0.868445 0.061750 0.050879
1 0.680003 0.936870 0.095673 0.096496
1 0.703048 0.793012 0.073930 0.163163
1 0.557365 0.690374 0.066103 0.252638
1 0.619990 0.446516 0.189610 0.168412
1 0.659564 0.618445 0.082628 0.129829
1 0.831344 0.713182 0.086981 0.147362
1 0.800029 0.413182 0.146122 0.203504
1 0.288172 0.130728 0.077411 0.094738
1 0.176405 0.173707 0.095673 0.103504
1 0.423855 0.079849 0.058276 0.105262
1 0.760023 0.095643 0.064366 0.154383
1 0.675218 0.290381 0.049577 0.098241
1 0.577801 0.285991 0.039141 0.089462
1 0.850478 0.261430 0.100891 0.068425
1 0.933103 0.475466 0.071321 0.068412
1 0.282515 0.607041 0.113071 0.061404
1 0.391672 0.561424 0.058269 0.128071
