1 0.915418 0.289412 0.149272 0.513088
1 0.744582 0.877831 0.188949 0.178897
1 0.774353 0.391801 0.088005 0.275368
1 0.111253 0.039926 0.069946 0.075294
1 0.063814 0.771912 0.126819 0.447206
1 0.364946 0.162316 0.103531 0.214191
1 0.426631 0.434154 0.075040 0.225956
1 0.432668 0.896654 0.054340 0.167132
1 0.307129 0.930809 0.108706 0.075294
1 0.528450 0.112904 0.085418 0.138897
1 0.570283 0.292941 0.044879 0.098824
1 0.116456 0.294154 0.082830 0.218897
0 0.220863 0.739007 0.170836 0.237721
0 0.120323 0.322353 0.182049 0.463676
0 0.042251 0.044632 0.044879 0.068235
0 0.256658 0.064632 0.092345 0.112941
0 0.358032 0.397684 0.034501 0.087132
0 0.388235 0.954338 0.029353 0.065882
0 0.543544 0.662500 0.112156 0.527206
0 0.665633 0.177610 0.116496 0.315368
0 0.859340 0.663529 0.260566 0.181471
