0 0.748427 0.443876 0.161129 0.196459
0 0.511129 0.425455 0.310484 0.335120
0 0.894052 0.581579 0.153750 0.310526
0 0.962560 0.913182 0.074879 0.138612
0 0.726935 0.749139 0.286935 0.400000
0 0.375847 0.089474 0.087258 0.094737
0 0.870403 0.109665 0.059113 0.068421
0 0.083851 0.222823 0.041411 0.045646
0 0.169597 0.072823 0.038468 0.040383
0 0.296754 0.203517 0.047298 0.049139
0 0.041694 0.530718 0.066532 0.131579
0 0.043185 0.110526 0.078387 0.126316
1 0.208044 0.646507 0.236573 0.668421
1 0.449032 0.792105 0.204032 0.342105
1 0.042440 0.823708 0.050282 0.303493
1 0.182157 0.211435 0.113831 0.131579
1 0.040222 0.355287 0.063589 0.159665
1 0.625726 0.134234 0.359274 0.201770
1 0.814960 0.290359 0.202581 0.071914
1 0.386190 0.206148 0.087218 0.085981
1 0.935444 0.085120 0.035484 0.100000
