0 0.235147 0.531541 0.461765 0.287730
0 0.578805 0.710459 0.225551 0.273676
0 0.848162 0.862216 0.303676 0.236865
0 0.871746 0.568351 0.226728 0.266649
0 0.551949 0.097324 0.095441 0.173676
0 0.661728 0.260486 0.105000 0.254378
0 0.711250 0.424486 0.115735 0.122811
0 0.611011 0.390297 0.048934 0.082432
0 0.106875 0.775378 0.040588 0.063189
0 0.201140 0.765730 0.052500 0.075459
0 0.306746 0.934162 0.125257 0.128108
0 0.328824 0.633270 0.073971 0.119297
1 0.246489 0.168351 0.400919 0.280703
1 0.864577 0.187676 0.159890 0.291243
1 0.350882 0.750811 0.168235 0.070162
1 0.484522 0.932378 0.146765 0.100000
1 0.119412 0.915730 0.163456 0.105297
1 0.035294 0.774514 0.047721 0.135081
1 0.522114 0.254324 0.090699 0.101730
1 0.918290 0.380649 0.116949 0.070162
1 0.699926 0.069243 0.126471 0.082486
1 0.747647 0.242919 0.035809 0.194703
0 0.436801 0.399946 0.103824 0.098270
0 0.251268 0.122757 0.045331 0.063135
0 0.067500 0.879757 0.040588 0.033351
0 0.881893 0.767486 0.034596 0.047405
0 0.543015 0.398189 0.020294 0.035081
