0 0.912881 0.376317 0.034784 0.042100
0 0.823649 0.337717 0.028736 0.024567
0 0.784332 0.459642 0.013606 0.026317
0 0.893218 0.612283 0.016638 0.022800
0 0.816846 0.648242 0.030244 0.031583
0 0.785841 0.576317 0.025704 0.035100
0 0.651243 0.639475 0.031767 0.049117
0 0.509073 0.672808 0.055963 0.045617
0 0.549907 0.494733 0.170905 0.205267
0 0.088628 0.486842 0.031767 0.052617
0 0.124167 0.817542 0.048391 0.054383
0 0.362371 0.681575 0.037816 0.035083
0 0.800216 0.422800 0.012098 0.033333
0 0.357105 0.512283 0.036365 0.050867
0 0.452356 0.250875 0.045374 0.057883
1 0.553693 0.255258 0.102845 0.164917
1 0.921961 0.204383 0.080158 0.049133
1 0.893980 0.094733 0.184511 0.124567
1 0.531006 0.055267 0.287356 0.080700
1 0.096193 0.346492 0.192069 0.168417
1 0.707198 0.506133 0.095287 0.147367
1 0.949935 0.933333 0.072601 0.103500
1 0.916667 0.731575 0.127040 0.131583
1 0.779792 0.781575 0.128549 0.178950
1 0.596789 0.871050 0.161825 0.189467
1 0.073506 0.920175 0.119483 0.112283
1 0.325316 0.865792 0.317615 0.210517
1 0.180884 0.646492 0.270733 0.185950
0 0.776013 0.018417 0.006049 0.014033
0 0.664095 0.200875 0.042356 0.035083
0 0.713247 0.287717 0.031753 0.033333
0 0.736695 0.373683 0.021178 0.022800
0 0.909864 0.273683 0.019670 0.015800
0 0.893226 0.834208 0.031767 0.035083
0 0.859950 0.927192 0.025704 0.035083
0 0.709468 0.897367 0.033276 0.017533
0 0.225503 0.121925 0.208707 0.235083
0 0.316243 0.348250 0.220819 0.238600
0 0.974899 0.274567 0.028736 0.038600
