0 0.369880 0.575424 0.074480 0.124558
0 0.253205 0.672792 0.015890 0.028057
0 0.480595 0.834196 0.021850 0.052633
0 0.666285 0.520168 0.015890 0.042102
0 0.711465 0.455247 0.018870 0.031590
0 0.786435 0.466652 0.017870 0.022809
0 0.964670 0.390336 0.056600 0.108763
0 0.894175 0.445601 0.020850 0.033322
0 0.432435 0.065769 0.086390 0.112279
0 0.491025 0.051740 0.020850 0.024576
0 0.273060 0.219284 0.027800 0.036837
0 0.167805 0.268401 0.029790 0.022809
0 0.108725 0.241219 0.010930 0.035088
0 0.040680 0.088622 0.015840 0.042191
0 0.023820 0.250857 0.033760 0.057898
0 0.031765 0.919284 0.017870 0.026307
0 0.175750 0.974549 0.031780 0.045601
0 0.238805 0.950866 0.018870 0.008763
0 0.259160 0.978057 0.111220 0.038587
0 0.420520 0.494726 0.320740 0.503516
0 0.893180 0.775424 0.092340 0.124558
1 0.149435 0.103489 0.159870 0.142102
1 0.082910 0.695601 0.155900 0.378940
1 0.207030 0.592968 0.048660 0.131590
1 0.375340 0.888578 0.154900 0.196484
1 0.626070 0.869284 0.203560 0.168428
1 0.715930 0.657005 0.186680 0.157898
1 0.697065 0.321917 0.196610 0.150866
1 0.612665 0.125424 0.188670 0.143852
1 0.453785 0.425424 0.123130 0.126325
1 0.448325 0.592094 0.040710 0.091219
1 0.347540 0.453498 0.053620 0.080707
1 0.881265 0.128931 0.102270 0.203516
1 0.928430 0.286829 0.113200 0.042102
1 0.941340 0.625424 0.077460 0.108763
1 0.881760 0.773675 0.027800 0.043852
