0 0.275767 0.164907 0.103067 0.147360
0 0.408442 0.383333 0.118417 0.173707
0 0.588267 0.519293 0.304833 0.445627
0 0.474775 0.501760 0.058117 0.112267
0 0.710525 0.730707 0.080050 0.114053
0 0.554275 0.849133 0.107450 0.189467
0 0.399667 0.757893 0.072367 0.112267
0 0.865675 0.468413 0.089917 0.122800
0 0.828950 0.505267 0.053733 0.070160
0 0.829500 0.623693 0.030700 0.071920
0 0.877742 0.637733 0.057017 0.100000
0 0.820175 0.725440 0.040583 0.057920
0 0.924892 0.809640 0.048250 0.057893
0 0.920500 0.937720 0.052633 0.071920
0 0.187467 0.756093 0.031733 0.059547
0 0.253283 0.822813 0.031800 0.056133
0 0.139258 0.572800 0.163383 0.233333
0 0.094300 0.610520 0.044967 0.091227
0 0.139800 0.657893 0.061400 0.077173
0 0.530150 0.036840 0.127200 0.070160
0 0.819633 0.059640 0.041667 0.042107
0 0.791083 0.207013 0.048167 0.084213
0 0.872258 0.271933 0.048250 0.091227
0 0.251650 0.387720 0.043867 0.063173
0 0.265350 0.492107 0.042767 0.089493
0 0.353617 0.534213 0.054833 0.078933
0 0.021383 0.078947 0.030700 0.056133
0 0.095942 0.821053 0.032883 0.049147
0 0.178175 0.868413 0.046050 0.059653
0 0.202308 0.948253 0.048250 0.061413
0 0.371158 0.891227 0.035083 0.049120
0 0.452300 0.980693 0.052633 0.031573
0 0.768642 0.963160 0.027417 0.049147
0 0.760417 0.868427 0.043867 0.084213
1 0.299342 0.706133 0.088817 0.152640
1 0.099233 0.252640 0.175433 0.249120
1 0.077300 0.921053 0.133767 0.119280
1 0.660092 0.182453 0.150217 0.164907
1 0.914475 0.144747 0.119517 0.100000
1 0.603067 0.494733 0.123900 0.277200
1 0.556467 0.672800 0.083333 0.050880
1 0.264800 0.294733 0.085533 0.070160
1 0.294408 0.930693 0.081150 0.100000
