0 0.152586 0.096407 0.032047 0.070180
0 0.077516 0.839401 0.024719 0.047365
0 0.153000 0.708698 0.034688 0.031587
0 0.261078 0.921856 0.300312 0.149102
0 0.571914 0.876243 0.304891 0.107036
0 0.818203 0.930629 0.227969 0.110539
0 0.779773 0.766602 0.160172 0.196497
0 0.599383 0.436766 0.231641 0.305269
0 0.428633 0.296422 0.047609 0.091228
0 0.595719 0.113967 0.030219 0.031587
0 0.809047 0.156931 0.237125 0.296497
0 0.198828 0.352560 0.073250 0.115778
1 0.067844 0.447305 0.131750 0.487725
1 0.247352 0.547290 0.197766 0.249132
1 0.269320 0.736766 0.148328 0.101737
1 0.276648 0.820973 0.065922 0.038593
1 0.027148 0.842904 0.050359 0.222814
1 0.306859 0.137650 0.159313 0.268413
1 0.325172 0.344656 0.100719 0.103503
1 0.093992 0.062216 0.074172 0.100000
1 0.452430 0.122740 0.065922 0.178952
1 0.425883 0.473608 0.073234 0.150868
1 0.551773 0.728877 0.065016 0.138593
1 0.533922 0.125359 0.062250 0.180719
1 0.811797 0.148174 0.097969 0.152635
1 0.960570 0.071856 0.047609 0.105269
1 0.956453 0.258698 0.057688 0.092964
1 0.764641 0.525374 0.067750 0.156138
1 0.972016 0.889386 0.043031 0.143862
1 0.891906 0.780629 0.036625 0.070180
