0 0.255753 0.926250 0.009474 0.029826
0 0.257859 0.535026 0.078948 0.142101
0 0.199964 0.452569 0.034740 0.033333
0 0.183120 0.581519 0.020000 0.031580
0 0.298383 0.394670 0.008422 0.033333
0 0.373120 0.549063 0.027365 0.033333
0 0.087857 0.250816 0.027370 0.064913
0 0.100490 0.123620 0.035792 0.042101
0 0.232594 0.125378 0.015792 0.049123
0 0.256279 0.500816 0.353682 0.764913
0 0.477857 0.429761 0.127370 0.229818
0 0.365224 0.411341 0.163156 0.070182
0 0.580487 0.263971 0.027370 0.021050
0 0.607857 0.263971 0.014734 0.038602
0 0.744172 0.420113 0.238948 0.340347
0 0.734698 0.545551 0.038948 0.064905
0 0.780487 0.418359 0.027370 0.070174
0 0.718385 0.436780 0.042104 0.075434
0 0.714698 0.189414 0.041052 0.085964
0 0.681542 0.106076 0.048417 0.077188
0 0.941542 0.177131 0.027365 0.050877
0 0.986805 0.369236 0.023161 0.042101
0 0.723648 0.797305 0.027370 0.042109
0 0.616805 0.918355 0.017891 0.017543
0 0.684172 0.919236 0.022104 0.033333
0 0.625753 0.975373 0.025266 0.033333
0 0.518911 0.587656 0.022104 0.026319
0 0.586805 0.608711 0.014734 0.047370
0 0.508909 0.820113 0.012630 0.024566
0 0.892594 0.759588 0.022104 0.040356
0 0.919435 0.670113 0.012630 0.047361
0 0.528383 0.023620 0.045266 0.038594
0 0.964701 0.883273 0.046318 0.031580
0 0.039964 0.780638 0.017896 0.022804
0 0.034172 0.640286 0.023156 0.033333
0 0.062596 0.697305 0.010526 0.024557
0 0.077331 0.542040 0.010526 0.029826
0 0.169437 0.927131 0.020000 0.028064
0 0.198383 0.963095 0.012630 0.029818
0 0.251016 0.951688 0.016844 0.014036
0 0.237857 0.854323 0.017891 0.019306
1 0.163122 0.063971 0.070526 0.077196
1 0.038911 0.299935 0.060000 0.517543
1 0.047857 0.906081 0.052630 0.147370
1 0.113120 0.870990 0.054740 0.189479
1 0.343648 0.935903 0.092630 0.108767
1 0.548911 0.756957 0.263156 0.115790
1 0.609437 0.864848 0.118948 0.050877
1 0.495224 0.926250 0.101052 0.103507
1 0.816279 0.925378 0.197891 0.108776
1 0.813648 0.750816 0.129474 0.229826
1 0.674698 0.656076 0.095792 0.096493
1 0.907857 0.552569 0.143161 0.114028
1 0.964698 0.744674 0.042104 0.203516
1 0.903648 0.346432 0.107370 0.231580
1 0.838383 0.123620 0.143161 0.164913
1 0.553646 0.152569 0.184208 0.142101
1 0.352068 0.079761 0.145260 0.080703
1 0.498909 0.270113 0.085266 0.061406
1 0.585753 0.444674 0.052630 0.235095
1 0.504701 0.648186 0.134734 0.066667
