0 0.323181 0.297428 0.085372 0.112272
1 0.771300 0.061459 0.373127 0.115791
1 0.493901 0.322862 0.186563 0.161403
1 0.407933 0.136024 0.282895 0.170178
1 0.136006 0.204454 0.221920 0.345612
1 0.098816 0.864978 0.193885 0.231559
1 0.817639 0.776381 0.324350 0.057884
1 0.780449 0.598307 0.410929 0.235100
1 0.284768 0.541292 0.512136 0.268419
0 0.906649 0.859710 0.010975 0.050869
0 0.740209 0.906203 0.214598 0.175434
0 0.563398 0.921993 0.039025 0.056147
0 0.529257 0.795679 0.031703 0.035100
0 0.484745 0.743040 0.010975 0.052628
0 0.457918 0.817606 0.030480 0.061403
0 0.438406 0.920245 0.047554 0.094744
0 0.300008 0.941292 0.048777 0.035100
0 0.339033 0.894800 0.029272 0.019310
0 0.245147 0.929020 0.048777 0.031581
0 0.278065 0.860590 0.036594 0.042116
0 0.317693 0.746559 0.015851 0.042116
0 0.333545 0.821125 0.030495 0.043853
0 0.815232 0.300067 0.369536 0.328062
0 0.485364 0.030301 0.090232 0.060601
