0 0.114116 0.467608 0.032566 0.028068
1 0.967241 0.357960 0.039476 0.317549
0 0.174807 0.287784 0.023684 0.022802
0 0.259674 0.579889 0.075000 0.070173
1 0.716090 0.068488 0.111514 0.100000
0 0.853260 0.611469 0.024674 0.035086
0 0.808359 0.685154 0.021712 0.049123
0 0.954411 0.063222 0.035524 0.029827
0 0.830069 0.093926 0.039472 0.038593
1 0.045036 0.441293 0.058226 0.214031
1 0.207373 0.144802 0.098684 0.231580
1 0.235990 0.421120 0.112500 0.159648
1 0.403755 0.204451 0.041448 0.119296
0 0.054411 0.094802 0.106580 0.092988
1 0.394378 0.471994 0.158882 0.370173
1 0.918885 0.663222 0.086840 0.085963
1 0.888293 0.864099 0.189476 0.252630
1 0.629741 0.831645 0.301976 0.275438
1 0.280399 0.853574 0.349340 0.256136
0 0.034674 0.872873 0.027632 0.042105
0 0.077602 0.195682 0.032566 0.024562
0 0.140760 0.400065 0.016778 0.036846
0 0.332701 0.181642 0.055264 0.066667
0 0.427439 0.068488 0.118420 0.085963
0 0.556715 0.139540 0.177632 0.157895
0 0.464444 0.211469 0.008882 0.021049
0 0.759017 0.379889 0.349340 0.428074
