0 0.193957 0.979032 0.043914 0.036840
0 0.290011 0.852721 0.060379 0.068420
0 0.177493 0.790438 0.054886 0.042100
0 0.132211 0.900105 0.090564 0.047333
0 0.141814 0.661489 0.046657 0.040347
0 0.472507 0.827279 0.049400 0.042100
0 0.560329 0.851840 0.082329 0.140356
0 0.670104 0.851840 0.115264 0.238603
0 0.823789 0.876406 0.175636 0.214037
0 0.924643 0.772018 0.141329 0.264913
0 0.956204 0.953598 0.080964 0.070174
0 0.782621 0.656228 0.156429 0.236840
0 0.897886 0.450087 0.175643 0.210530
0 0.153479 0.093068 0.281300 0.170174
0 0.057425 0.278155 0.108407 0.171927
0 0.053993 0.464123 0.098800 0.185963
0 0.062229 0.676402 0.104286 0.133333
0 0.206307 0.672018 0.021957 0.040347
0 0.497207 0.086927 0.362257 0.143863
0 0.718132 0.082059 0.194850 0.164119
1 0.427229 0.405352 0.548871 0.468420
1 0.426543 0.701845 0.306000 0.100000
1 0.753807 0.355352 0.071357 0.291233
1 0.915725 0.115000 0.118007 0.203516
1 0.884850 0.250963 0.135843 0.050877
