0 0.008001 0.532541 0.015864 0.033339
0 0.170657 0.857982 0.050249 0.070165
0 0.149502 0.861486 0.095214 0.063156
0 0.105201 0.746569 0.033057 0.026312
0 0.029820 0.660606 0.025118 0.054385
0 0.081390 0.805339 0.038354 0.045615
1 0.794862 0.086046 0.134896 0.098257
1 0.633520 0.149202 0.121674 0.140349
1 0.513181 0.434294 0.095214 0.121064
1 0.462925 0.242193 0.103140 0.185963
1 0.267199 0.332541 0.156058 0.384202
1 0.860325 0.767624 0.152075 0.159651
1 0.876853 0.960615 0.187787 0.061413
1 0.695014 0.867633 0.085961 0.128073
1 0.589219 0.659734 0.236722 0.242110
1 0.290339 0.729908 0.305491 0.164917
0 0.082054 0.324642 0.161342 0.238606
0 0.551535 0.864119 0.124315 0.082440
0 0.440443 0.900963 0.095214 0.029817
0 0.318776 0.897459 0.134896 0.085963
0 0.735353 0.316752 0.103154 0.145615
0 0.760484 0.452716 0.026445 0.035083
0 0.794205 0.557110 0.019834 0.022807
0 0.976777 0.571138 0.046445 0.138606
0 0.989267 0.069385 0.018506 0.033339
0 0.928437 0.036055 0.034385 0.054385
0 0.842497 0.215037 0.087344 0.121119
0 0.887434 0.472009 0.058188 0.070183
0 0.411349 0.434303 0.026459 0.022807
0 0.607739 0.398330 0.025131 0.049138
0 0.574011 0.316752 0.018506 0.029835
0 0.092635 0.326394 0.023804 0.031578
0 0.130325 0.493064 0.080678 0.238606
0 0.092642 0.436927 0.013223 0.021046
0 0.013949 0.844826 0.022476 0.054385
1 0.946950 0.172018 0.071411 0.126312
1 0.898015 0.348330 0.121674 0.089468
1 0.082718 0.085165 0.128285 0.131578
1 0.366390 0.059734 0.349129 0.091211
