1 0.273346 0.511441 0.165724 0.087715
1 0.391987 0.344774 0.197109 0.063159
1 0.762982 0.660564 0.160703 0.189469
1 0.368135 0.765826 0.204646 0.105262
1 0.351185 0.635124 0.321401 0.121048
1 0.463552 0.475473 0.174510 0.166667
0 0.779932 0.651794 0.305083 0.428071
0 0.378805 0.522846 0.562453 0.773683
1 0.284643 0.064949 0.298807 0.092984
1 0.676982 0.122846 0.232266 0.156143
1 0.911758 0.316707 0.136849 0.161405
1 0.678867 0.928985 0.112995 0.119294
1 0.208060 0.960564 0.155682 0.073690
1 0.047357 0.782493 0.075328 0.331579
1 0.047359 0.249159 0.082865 0.285961
