1 0.794766 0.778112 0.252656 0.377214
1 0.463182 0.880734 0.321051 0.200000
1 0.840156 0.107927 0.296055 0.187719
1 0.833576 0.397401 0.098684 0.282458
1 0.251998 0.248279 0.096051 0.054391
1 0.184236 0.363190 0.105262 0.052630
1 0.167789 0.534245 0.075000 0.057896
1 0.165814 0.649156 0.060527 0.052635
1 0.069762 0.788628 0.071055 0.085964
1 0.036209 0.521961 0.053949 0.089474
0 0.484234 0.501789 0.218422 0.277193
0 0.410551 0.692138 0.105266 0.085964
0 0.431604 0.100031 0.081582 0.136844
0 0.231604 0.062315 0.160527 0.040349
0 0.257920 0.172841 0.147371 0.022807
0 0.276340 0.301698 0.202633 0.038771
0 0.222393 0.577227 0.144738 0.024557
0 0.203973 0.755297 0.102633 0.040354
0 0.161867 0.829857 0.063156 0.052630
