1 0.903562 0.139432 0.148766 0.201753
1 0.209688 0.835920 0.401891 0.314037
1 0.706500 0.893815 0.571750 0.191235
1 0.830844 0.750827 0.325281 0.098247
1 0.873586 0.649080 0.226484 0.084210
1 0.917441 0.549957 0.136555 0.085963
1 0.942418 0.400833 0.099914 0.177198
1 0.934094 0.271883 0.105469 0.052630
1 0.656543 0.076272 0.300867 0.142099
1 0.361230 0.073642 0.234258 0.098247
1 0.113656 0.070130 0.225375 0.094728
1 0.093117 0.563988 0.157641 0.163160
1 0.109770 0.274519 0.182070 0.271926
1 0.256316 0.193815 0.066617 0.050889
1 0.535531 0.570130 0.247578 0.203519
1 0.748133 0.417500 0.124344 0.154383
1 0.436168 0.332414 0.106586 0.156136
0 0.545520 0.460481 0.704977 0.643852
0 0.560508 0.385043 0.106578 0.138605
0 0.603809 0.281537 0.033305 0.047370
0 0.544969 0.346444 0.039969 0.040346
0 0.568281 0.398204 0.055516 0.049123
0 0.615465 0.407852 0.023320 0.036840
0 0.166945 0.901710 0.027750 0.045617
