1 0.955972 0.255336 0.065799 0.142106
1 0.920443 0.420243 0.115781 0.071921
1 0.890842 0.627269 0.132899 0.131574
1 0.644783 0.936898 0.069740 0.066667
1 0.754661 0.836910 0.094740 0.231597
1 0.540182 0.479896 0.144740 0.089468
1 0.265182 0.882523 0.147378 0.136852
1 0.051372 0.868495 0.075000 0.150880
1 0.049036 0.677257 0.098073 0.094745
1 0.093472 0.523750 0.138160 0.159630
1 0.056623 0.091296 0.080260 0.147361
1 0.158602 0.329896 0.247378 0.157894
1 0.269792 0.112350 0.172361 0.136829
1 0.829957 0.080775 0.340087 0.126319
1 0.692153 0.329016 0.101319 0.177199
1 0.506632 0.212350 0.246042 0.385949
0 0.328993 0.244803 0.064479 0.043866
0 0.481632 0.902697 0.225000 0.191227
0 0.398733 0.569375 0.440799 0.282454
0 0.247422 0.553576 0.056580 0.036829
0 0.248073 0.434271 0.047361 0.043866
0 0.037543 0.757083 0.018420 0.026296
0 0.148741 0.913229 0.019740 0.022801
0 0.371762 0.858831 0.042101 0.043866
0 0.339523 0.729884 0.032899 0.049120
0 0.301363 0.790417 0.372378 0.359630
0 0.498733 0.738657 0.032882 0.049120
0 0.486241 0.679896 0.031580 0.043866
0 0.657951 0.620243 0.061840 0.064931
0 0.865833 0.891296 0.061840 0.070185
0 0.671762 0.826389 0.055260 0.080694
0 0.937543 0.511470 0.044740 0.068403
0 0.877682 0.489537 0.032899 0.052639
0 0.764523 0.486030 0.085538 0.129838
0 0.851363 0.290428 0.196059 0.142106
0 0.848741 0.217616 0.030260 0.052639
0 0.742821 0.176389 0.018420 0.033333
0 0.679661 0.181644 0.057899 0.047361
0 0.142153 0.067616 0.038160 0.064907
0 0.094158 0.204444 0.034253 0.047361
