0 0.624231 0.094931 0.057809 0.186620
0 0.794638 0.653625 0.018982 0.160639
0 0.883507 0.670162 0.103537 0.165361
0 0.728201 0.781194 0.062124 0.103944
0 0.567717 0.855606 0.034515 0.082676
0 0.630703 0.863875 0.036239 0.080324
0 0.512496 0.875685 0.037964 0.103944
0 0.462455 0.852065 0.051769 0.103944
0 0.404214 0.820167 0.054359 0.087407
0 0.573326 0.508343 0.042276 0.153556
0 0.661764 0.543773 0.053497 0.106306
0 0.498693 0.517787 0.082831 0.125204
0 0.157017 0.508343 0.037964 0.125204
0 0.144508 0.676069 0.057809 0.073231
0 0.134155 0.754023 0.054356 0.068509
0 0.063835 0.622912 0.041414 0.165361
0 0.040969 0.798907 0.038827 0.129926
0 0.096622 0.516606 0.048319 0.236231
0 0.146233 0.314630 0.106128 0.120481
0 0.170392 0.218954 0.031924 0.070870
0 0.119917 0.081130 0.088005 0.162259
0 0.400331 0.959102 0.037964 0.081796
0 0.468062 0.956005 0.042279 0.075602
0 0.604819 0.969000 0.194995 0.059056
0 0.211375 0.860329 0.034511 0.111028
0 0.297227 0.930019 0.057809 0.108667
0 0.179450 0.941833 0.034511 0.103944
0 0.631566 0.677250 0.048319 0.099222
0 0.827859 0.795361 0.045736 0.108685
0 0.926647 0.413829 0.079381 0.309509
0 0.737692 0.204778 0.098360 0.259852
0 0.909391 0.087843 0.165661 0.172444
0 0.450810 0.135088 0.218299 0.243324
1 0.273498 0.358329 0.112164 0.231509
1 0.393860 0.341796 0.037102 0.094500
1 0.270910 0.700870 0.065573 0.151185
1 0.332601 0.775287 0.044004 0.148833
1 0.364525 0.587477 0.040555 0.155917
1 0.603955 0.353606 0.172563 0.146472
1 0.790323 0.458727 0.155309 0.177176
1 0.729494 0.635907 0.064711 0.115759
1 0.763576 0.925296 0.100085 0.099222
1 0.921901 0.842616 0.085418 0.118120
1 0.965042 0.657167 0.044004 0.134648
1 0.834758 0.268560 0.075063 0.160639
1 0.781696 0.096111 0.044866 0.127574
1 0.679883 0.093745 0.060396 0.122843
1 0.516811 0.183403 0.103537 0.165602
1 0.256243 0.099657 0.143226 0.163000
1 0.037518 0.257931 0.056084 0.437028
1 0.101799 0.902852 0.065573 0.148833
1 0.245457 0.906394 0.025022 0.127565
