0 0.313613 0.059574 0.037550 0.052630
0 0.303538 0.095532 0.021063 0.036843
0 0.464715 0.164838 0.032049 0.063157
0 0.511419 0.249046 0.026559 0.035093
0 0.394659 0.447287 0.038463 0.052630
0 0.579186 0.076241 0.050367 0.047370
0 0.582849 0.144657 0.032049 0.078944
0 0.659316 0.056940 0.084248 0.078954
0 0.739449 0.226236 0.055863 0.105269
0 0.861704 0.207815 0.018313 0.040352
0 0.982583 0.239394 0.032968 0.064917
0 0.883681 0.353431 0.214292 0.275435
0 0.959232 0.564838 0.048536 0.056139
0 0.969766 0.654310 0.060440 0.098250
0 0.760967 0.683255 0.031136 0.068417
0 0.929014 0.806065 0.048536 0.145611
0 0.662980 0.836782 0.086994 0.161435
0 0.764630 0.864833 0.108980 0.185963
0 0.901539 0.921852 0.163011 0.096500
0 0.629555 0.950796 0.142861 0.080704
0 0.465174 0.630625 0.077840 0.257898
0 0.449604 0.868343 0.072344 0.210519
0 0.577813 0.434130 0.118139 0.345611
0 0.115346 0.727995 0.195060 0.182454
0 0.046914 0.478866 0.093828 0.263157
0 0.169836 0.506940 0.086080 0.231583
0 0.277438 0.457819 0.145607 0.175435
0 0.330553 0.741148 0.101648 0.366667
0 0.261411 0.874481 0.042127 0.078944
0 0.240810 0.620972 0.046704 0.154389
0 0.040713 0.156065 0.078758 0.228074
0 0.094744 0.312204 0.172165 0.091222
0 0.121300 0.375361 0.049454 0.056148
0 0.109393 0.227116 0.040295 0.068417
0 0.110768 0.112204 0.013736 0.035093
0 0.572318 0.765713 0.050367 0.257889
0 0.633217 0.663079 0.075094 0.154380
0 0.277438 0.064833 0.024727 0.045611
1 0.087417 0.913079 0.153847 0.138602
1 0.202803 0.931505 0.058608 0.122806
1 0.315445 0.250796 0.256419 0.207019
1 0.481199 0.358694 0.042127 0.128074
1 0.185863 0.070097 0.118134 0.077194
1 0.393741 0.071852 0.094326 0.094741
1 0.496307 0.070972 0.076008 0.085963
1 0.522409 0.174481 0.060440 0.061407
1 0.668473 0.182380 0.052199 0.133333
1 0.859413 0.092903 0.260082 0.129824
1 0.855752 0.681500 0.124543 0.121056
1 0.863076 0.799921 0.053113 0.091231
1 0.727086 0.514838 0.086999 0.177194
1 0.846593 0.555185 0.104398 0.085963
1 0.513710 0.859574 0.035713 0.154389
1 0.528818 0.692028 0.021977 0.131574
1 0.437699 0.422731 0.022890 0.080704
