1 0.355927 0.920098 0.093382 0.103501
0 0.771000 0.652549 0.026182 0.056134
0 0.305227 0.145546 0.153691 0.126331
0 0.373573 0.252563 0.103618 0.140364
0 0.447600 0.367465 0.103636 0.107031
0 0.458982 0.272731 0.064909 0.142101
0 0.528445 0.472731 0.080855 0.170168
0 0.600191 0.604300 0.080855 0.180700
0 0.648582 0.708697 0.061491 0.105238
0 0.675345 0.578880 0.033018 0.038599
0 0.021136 0.696415 0.020491 0.045602
0 0.040464 0.633249 0.020564 0.038599
0 0.022273 0.539398 0.031891 0.131569
0 0.090027 0.379748 0.035291 0.050868
0 0.052445 0.292031 0.037582 0.085966
0 0.110518 0.069216 0.055800 0.043866
0 0.482336 0.078866 0.095655 0.101765
0 0.759045 0.301681 0.015945 0.028067
0 0.862109 0.325364 0.028473 0.029832
0 0.813136 0.265714 0.039873 0.047395
0 0.908791 0.346415 0.033036 0.061401
0 0.887727 0.725364 0.031891 0.156162
0 0.877482 0.636765 0.052382 0.080700
0 0.849009 0.588515 0.036455 0.050868
0 0.822245 0.542913 0.033036 0.092997
0 0.798336 0.477129 0.044418 0.091232
0 0.778973 0.420980 0.058091 0.077199
0 0.745382 0.364846 0.059200 0.094734
0 0.703818 0.313081 0.085418 0.096471
0 0.667373 0.260462 0.069473 0.085966
0 0.643464 0.163081 0.055800 0.133333
0 0.667382 0.057829 0.194727 0.108768
0 0.764736 0.451681 0.022782 0.043866
1 0.378127 0.057815 0.076291 0.077199
1 0.098573 0.148179 0.157145 0.100000
1 0.447591 0.524496 0.042127 0.091232
1 0.368455 0.455196 0.086545 0.103501
1 0.545527 0.220980 0.078582 0.098263
1 0.714636 0.663950 0.040982 0.061401
1 0.712927 0.506947 0.080836 0.112269
1 0.611573 0.386765 0.085400 0.145630
1 0.744245 0.184146 0.081982 0.094734
1 0.859255 0.430630 0.050109 0.092969
1 0.946945 0.268333 0.075164 0.080700
1 0.889427 0.119230 0.124127 0.164902
1 0.946373 0.603431 0.069473 0.312297
1 0.906509 0.941148 0.126400 0.100000
1 0.756773 0.861331 0.120709 0.245630
1 0.575709 0.773613 0.056945 0.098263
1 0.502827 0.697297 0.056927 0.184230
1 0.533009 0.907815 0.142345 0.128067
1 0.072382 0.934146 0.122982 0.100000
1 0.101418 0.580630 0.094509 0.231569
1 0.210736 0.312199 0.190164 0.157899
0 0.987373 0.867465 0.019364 0.050896
0 0.883173 0.843782 0.047836 0.038599
0 0.646873 0.845532 0.046691 0.168431
0 0.296145 0.712199 0.078582 0.147367
0 0.371300 0.578866 0.046673 0.070168
0 0.206182 0.749048 0.042145 0.045602
0 0.182836 0.684146 0.036436 0.066667
0 0.263691 0.621849 0.068327 0.149132
0 0.193655 0.570966 0.044400 0.152633
0 0.268236 0.470966 0.068327 0.114034
0 0.455564 0.785896 0.028473 0.042101
0 0.433364 0.957829 0.029600 0.042101
0 0.421973 0.655196 0.063764 0.096499
0 0.348518 0.762199 0.055800 0.142101
0 0.204473 0.948165 0.050109 0.078964
0 0.193645 0.824482 0.074018 0.098263
0 0.086045 0.802549 0.041000 0.043866
0 0.022845 0.815714 0.044418 0.077199
