0 0.136997 0.264058 0.064277 0.107016
0 0.212339 0.222821 0.080086 0.115798
0 0.286627 0.020190 0.049528 0.036846
0 0.220767 0.028966 0.012649 0.022801
0 0.077987 0.085982 0.038994 0.031571
0 0.035837 0.600013 0.066392 0.185969
0 0.021085 0.723698 0.017909 0.033338
0 0.089579 0.542127 0.030558 0.063154
0 0.162284 0.685982 0.032665 0.042094
0 0.183888 0.771944 0.037932 0.063154
0 0.118553 0.828089 0.063223 0.094738
0 0.220240 0.887736 0.013703 0.031571
0 0.316655 0.855281 0.031612 0.057893
0 0.365130 0.613174 0.029505 0.068416
0 0.559017 0.944758 0.037940 0.047369
0 0.647531 0.882474 0.037940 0.028063
0 0.440472 0.643881 0.015802 0.038599
0 0.483675 0.598279 0.081140 0.147343
0 0.504226 0.455281 0.029505 0.047369
0 0.394634 0.442120 0.016863 0.021047
0 0.328774 0.438613 0.011588 0.031571
0 0.306647 0.417559 0.009489 0.024568
0 0.279249 0.293004 0.020024 0.052631
0 0.571663 0.177205 0.025291 0.049123
0 0.598007 0.263174 0.021077 0.028076
0 0.622241 0.324581 0.018962 0.070183
0 0.721293 0.435105 0.086407 0.147356
0 0.816128 0.456152 0.073766 0.105262
0 0.872504 0.548266 0.041093 0.064908
0 0.882512 0.610543 0.031612 0.049123
0 0.702850 0.726329 0.038986 0.052631
0 0.717606 0.952651 0.034772 0.052631
0 0.785570 0.887736 0.044253 0.066675
0 0.763966 0.830720 0.015810 0.026309
0 0.822976 0.785982 0.030558 0.024555
0 0.803483 0.687736 0.054796 0.077199
0 0.958381 0.806158 0.056903 0.085955
0 0.945739 0.937736 0.067437 0.103508
0 0.827720 0.255281 0.048475 0.071924
0 0.708121 0.165805 0.015802 0.026322
0 0.738679 0.147389 0.024230 0.031584
0 0.712335 0.075452 0.024230 0.035092
0 0.725507 0.021944 0.025291 0.029830
0 0.442579 0.013174 0.022123 0.019306
0 0.302433 0.105281 0.011596 0.024568
0 0.342999 0.202651 0.035825 0.036846
0 0.385680 0.146512 0.026344 0.043861
0 0.416234 0.284228 0.013695 0.073691
0 0.453117 0.330720 0.017917 0.026309
0 0.540578 0.070190 0.047414 0.031584
0 0.581671 0.543881 0.024237 0.031584
0 0.861965 0.178966 0.020016 0.021047
0 0.935200 0.298266 0.012649 0.038599
0 0.959961 0.262297 0.007374 0.033338
0 0.980511 0.114051 0.012642 0.042107
0 0.081678 0.303527 0.029505 0.028076
0 0.110653 0.188613 0.032673 0.064921
0 0.150696 0.463174 0.022131 0.031584
0 0.258172 0.379836 0.034772 0.047369
0 0.415181 0.674575 0.015802 0.033338
0 0.398848 0.868436 0.010542 0.028076
0 0.585884 0.635982 0.032665 0.064921
0 0.572205 0.335092 0.020055 0.052592
1 0.265024 0.605281 0.160173 0.245615
1 0.338789 0.784228 0.177028 0.063168
1 0.535307 0.805281 0.167547 0.189463
1 0.670715 0.583344 0.124340 0.149123
1 0.694949 0.822827 0.082193 0.077199
1 0.904642 0.705281 0.115904 0.087709
1 0.946262 0.499143 0.083247 0.275432
1 0.917814 0.135982 0.068491 0.191230
1 0.832461 0.342120 0.098003 0.077199
1 0.647531 0.115812 0.071651 0.192984
1 0.481042 0.186865 0.101156 0.145615
1 0.522134 0.349136 0.046360 0.112277
1 0.354591 0.342120 0.069544 0.091230
1 0.164921 0.072827 0.061116 0.100000
1 0.035311 0.180720 0.065338 0.133325
1 0.112759 0.393874 0.180189 0.100000
1 0.150165 0.576335 0.054796 0.114031
1 0.092209 0.736865 0.063223 0.045615
1 0.038471 0.880720 0.052681 0.157906
1 0.147531 0.927212 0.106431 0.068429
1 0.290314 0.946512 0.094843 0.061401
1 0.444686 0.436859 0.049528 0.126309
1 0.600114 0.439490 0.086407 0.078953
1 0.812968 0.090366 0.069552 0.117539
