1 0.295533 0.171444 0.083694 0.208926
1 0.314946 0.801236 0.093185 0.160472
1 0.378363 0.534787 0.038826 0.275537
1 0.717880 0.507532 0.124245 0.311861
1 0.089321 0.440921 0.094045 0.196806
1 0.959036 0.896611 0.026747 0.139278
1 0.862401 0.896611 0.094047 0.157444
1 0.901658 0.633190 0.176013 0.308843
1 0.585438 0.132083 0.066438 0.239204
1 0.470683 0.225944 0.152718 0.281593
1 0.285179 0.462116 0.113029 0.342139
0 0.615637 0.351602 0.011216 0.048444
0 0.389579 0.960194 0.014668 0.066611
0 0.523747 0.977069 0.022433 0.045861
0 0.563867 0.852708 0.018119 0.051472
0 0.931426 0.851194 0.014668 0.072667
0 0.748511 0.107856 0.016393 0.051472
0 0.103988 0.236546 0.011216 0.072667
0 0.364127 0.119968 0.008628 0.045417
0 0.263177 0.940514 0.017256 0.039361
0 0.199761 0.720995 0.011216 0.033306
0 0.158778 0.474231 0.012079 0.066611
0 0.173446 0.334944 0.010354 0.030278
0 0.197173 0.253194 0.021570 0.109000
0 0.928406 0.130569 0.112164 0.257361
0 0.662228 0.118458 0.025021 0.051472
0 0.635482 0.704343 0.018119 0.096889
0 0.484057 0.627130 0.148404 0.432981
1 0.088028 0.781551 0.122520 0.357287
