0 0.238013 0.434161 0.075564 0.103536
0 0.181333 0.534161 0.037795 0.068393
0 0.361449 0.563982 0.050385 0.057893
0 0.386641 0.524500 0.045333 0.087714
0 0.486154 0.561339 0.073077 0.073679
0 0.454038 0.680643 0.036538 0.056143
0 0.353897 0.768357 0.037795 0.056143
0 0.275808 0.573625 0.047872 0.045607
0 0.297218 0.335036 0.070538 0.066643
0 0.355154 0.278036 0.065487 0.100000
0 0.382872 0.248179 0.040308 0.071929
0 0.457179 0.235911 0.047846 0.054393
0 0.370269 0.430661 0.115872 0.170179
0 0.473564 0.508714 0.120923 0.203500
0 0.235500 0.060464 0.047872 0.071929
0 0.255654 0.036804 0.050385 0.045607
0 0.355154 0.022786 0.065487 0.045571
0 0.156782 0.166625 0.039051 0.094750
0 0.107654 0.235911 0.046590 0.082464
0 0.137885 0.301696 0.076846 0.091250
0 0.137885 0.404339 0.059205 0.061393
0 0.064192 0.288536 0.047872 0.047357
0 0.632205 0.112232 0.098154 0.217536
0 0.642346 0.316607 0.070538 0.184214
0 0.672577 0.525375 0.032744 0.226321
0 0.654936 0.623643 0.068026 0.219286
0 0.652987 0.791161 0.056590 0.185964
0 0.583769 0.874500 0.091949 0.100000
0 0.756321 0.898196 0.044077 0.070179
0 0.848846 0.746429 0.050513 0.071929
0 0.876615 0.714875 0.042821 0.257893
0 0.849538 0.867482 0.054154 0.110536
0 0.860872 0.506089 0.056667 0.187750
0 0.965410 0.657839 0.034000 0.038607
0 0.885436 0.365732 0.062974 0.191250
0 0.939564 0.321000 0.120872 0.122786
0 0.810487 0.191179 0.069282 0.154357
0 0.853308 0.078018 0.049128 0.043893
1 0.150487 0.753446 0.258205 0.314036
1 0.417513 0.863107 0.215385 0.105286
1 0.498115 0.758732 0.205308 0.082464
1 0.345077 0.673643 0.100769 0.091214
1 0.544731 0.667500 0.102026 0.064929
1 0.581885 0.499071 0.050385 0.156143
1 0.548500 0.291179 0.086897 0.147357
1 0.463487 0.338536 0.060462 0.087714
1 0.054128 0.492929 0.105795 0.133357
1 0.137885 0.514875 0.031513 0.085964
1 0.253769 0.217500 0.109590 0.140357
1 0.221013 0.335036 0.044077 0.052643
1 0.046564 0.366625 0.068000 0.066679
1 0.045949 0.123625 0.051641 0.226321
1 0.132218 0.067482 0.113359 0.061393
1 0.441436 0.128893 0.235538 0.089500
1 0.760103 0.620125 0.107077 0.398250
1 0.765154 0.340304 0.134769 0.098250
1 0.724205 0.154339 0.045333 0.136821
1 0.747513 0.034161 0.117128 0.036821
1 0.941487 0.128893 0.094462 0.194714
1 0.953449 0.821000 0.078077 0.200000
1 0.964795 0.512232 0.060462 0.168393
