0 0.432053 0.175498 0.082964 0.101758
0 0.554992 0.410586 0.105584 0.080703
0 0.298564 0.411465 0.093518 0.149121
0 0.387561 0.421992 0.168942 0.236836
0 0.914757 0.329014 0.170487 0.170176
0 0.830269 0.540410 0.119160 0.238594
0 0.698287 0.870254 0.117649 0.143828
0 0.321944 0.848306 0.134249 0.166670
0 0.174874 0.903574 0.066373 0.049121
0 0.309123 0.639536 0.114635 0.128076
0 0.120575 0.523745 0.229278 0.152627
0 0.559513 0.634258 0.301679 0.138633
0 0.958480 0.171113 0.067876 0.219297
0 0.975831 0.096553 0.039219 0.091230
0 0.656050 0.461465 0.114635 0.087715
0 0.708846 0.328130 0.054299 0.154385
0 0.742032 0.188657 0.042233 0.138604
0 0.795579 0.116729 0.088992 0.068418
0 0.867225 0.062339 0.093526 0.064912
0 0.909463 0.022866 0.042233 0.035088
0 0.806134 0.727256 0.028657 0.036836
1 0.191465 0.155327 0.340898 0.264912
1 0.576864 0.189536 0.176482 0.312275
1 0.417725 0.065850 0.093518 0.078945
1 0.419236 0.266729 0.078438 0.038594
1 0.710353 0.071118 0.042233 0.085967
1 0.846108 0.207080 0.123686 0.073691
1 0.775214 0.341289 0.063359 0.110527
1 0.528589 0.505327 0.076927 0.066670
1 0.110017 0.759712 0.171956 0.217549
1 0.515772 0.832515 0.187045 0.173682
1 0.704320 0.753569 0.102578 0.061396
1 0.880802 0.850942 0.193073 0.154385
1 0.901919 0.721118 0.120663 0.084209
1 0.944156 0.565850 0.069387 0.117539
