0 0.302171 0.107811 0.146473 0.171929
0 0.313438 0.156929 0.067604 0.115787
0 0.316254 0.256051 0.056334 0.064913
0 0.428925 0.049918 0.090132 0.091228
0 0.497234 0.042898 0.083097 0.084213
0 0.580328 0.007411 0.043660 0.014823
0 0.650748 0.090264 0.052111 0.070173
0 0.699335 0.085004 0.030979 0.056142
0 0.783839 0.024081 0.073236 0.048162
0 0.911297 0.014827 0.085917 0.024559
0 0.781023 0.215705 0.025354 0.043858
0 0.842283 0.297284 0.038028 0.077189
0 0.635960 0.196406 0.064785 0.050882
0 0.657085 0.164827 0.022535 0.040354
0 0.597227 0.258685 0.038028 0.059646
0 0.628210 0.284126 0.026757 0.033331
0 0.738769 0.357807 0.028167 0.043858
0 0.744404 0.280618 0.084507 0.117543
0 0.819050 0.443772 0.022535 0.040354
0 0.711304 0.454299 0.021125 0.036843
0 0.748627 0.504299 0.019715 0.024559
0 0.756377 0.594650 0.085910 0.047370
0 0.556383 0.425354 0.054924 0.063157
0 0.549341 0.551669 0.049298 0.052638
0 0.512022 0.344650 0.036618 0.049118
0 0.516949 0.242016 0.023944 0.036843
0 0.562723 0.308685 0.019715 0.029819
0 0.110632 0.020969 0.036618 0.036843
0 0.057111 0.042020 0.025354 0.043858
0 0.022217 0.110441 0.044434 0.114040
0 0.118375 0.250791 0.032396 0.054394
0 0.131052 0.181492 0.046473 0.059654
0 0.140205 0.348157 0.016903 0.028071
0 0.188091 0.377106 0.011271 0.026315
0 0.230341 0.395528 0.022535 0.024559
0 0.180344 0.238512 0.097181 0.103504
0 0.121195 0.534126 0.057743 0.063157
0 0.181754 0.731492 0.029570 0.050882
0 0.036688 0.734122 0.029576 0.038599
0 0.081056 0.767457 0.036618 0.031583
0 0.119785 0.802543 0.083091 0.084213
0 0.113448 0.855177 0.061972 0.052630
0 0.097952 0.898162 0.036618 0.026315
0 0.027535 0.896406 0.036618 0.047370
0 0.133868 0.747284 0.212660 0.338590
0 0.352167 0.710441 0.288716 0.163157
0 0.435966 0.706055 0.298577 0.207016
0 0.594411 0.772721 0.088729 0.094740
0 0.673279 0.768335 0.238021 0.177197
0 0.690884 0.680614 0.197174 0.107016
0 0.893693 0.727984 0.194361 0.121047
0 0.906367 0.806929 0.101403 0.110528
0 0.921860 0.906055 0.149292 0.066669
0 0.971155 0.710441 0.025354 0.054386
0 0.520470 0.027984 0.025347 0.036843
0 0.127528 0.076228 0.050702 0.045614
0 0.159924 0.049913 0.022535 0.031583
1 0.057111 0.365705 0.112674 0.182457
1 0.364844 0.435878 0.207028 0.242110
1 0.181754 0.466583 0.100000 0.075441
1 0.443008 0.209563 0.095771 0.168425
1 0.636661 0.466579 0.077465 0.208772
1 0.885946 0.576228 0.156327 0.154386
1 0.912002 0.420087 0.126757 0.119299
1 0.933127 0.236756 0.118299 0.163157
1 0.831019 0.153425 0.071833 0.157898
1 0.719054 0.167457 0.053514 0.066669
1 0.550751 0.159563 0.057743 0.082457
1 0.395122 0.885882 0.264778 0.107016
1 0.687363 0.905177 0.280271 0.068425
1 0.192320 0.133248 0.050702 0.082457
1 0.043028 0.219213 0.073230 0.068417
