0 0.300140 0.178014 0.359502 0.352639
0 0.416042 0.228889 0.047138 0.057889
0 0.299642 0.241167 0.020622 0.040333
0 0.308974 0.049069 0.023577 0.031583
0 0.007644 0.115722 0.015288 0.070167
0 0.046726 0.383278 0.056967 0.103500
0 0.116944 0.433278 0.024557 0.028056
0 0.185218 0.480639 0.019642 0.042111
0 0.292768 0.491167 0.057947 0.066667
0 0.351703 0.466597 0.020638 0.031583
0 0.371835 0.406083 0.013748 0.036833
0 0.443056 0.369236 0.010809 0.026306
0 0.317325 0.549056 0.020622 0.024556
0 0.322729 0.638528 0.025552 0.049111
0 0.348266 0.669236 0.021602 0.036861
0 0.266252 0.632389 0.020622 0.036833
0 0.210264 0.637667 0.022582 0.029833
0 0.060964 0.652569 0.067776 0.171917
0 0.114984 0.658722 0.032426 0.078944
0 0.059977 0.526264 0.024557 0.080694
0 0.140521 0.599069 0.022597 0.040361
0 0.146905 0.765736 0.039285 0.089472
0 0.045249 0.835903 0.038305 0.047361
0 0.213212 0.786792 0.026516 0.043861
0 0.248569 0.732403 0.018663 0.019306
0 0.275093 0.797306 0.022597 0.040333
0 0.252986 0.848194 0.047154 0.100000
0 0.414572 0.889403 0.105101 0.098250
0 0.549137 0.880639 0.146361 0.115778
0 0.655708 0.759583 0.060902 0.063167
0 0.697947 0.719236 0.009829 0.024583
0 0.705311 0.778889 0.014728 0.017556
0 0.731835 0.746417 0.016703 0.033333
0 0.695000 0.807833 0.007854 0.008778
0 0.751470 0.873611 0.012768 0.021056
0 0.798624 0.879764 0.069751 0.107028
0 0.785855 0.828014 0.024557 0.035083
0 0.860505 0.741167 0.040264 0.071944
0 0.953328 0.820111 0.072691 0.138611
0 0.951361 0.703444 0.092333 0.382444
0 0.863453 0.597306 0.077605 0.131556
0 0.899300 0.515722 0.015708 0.038611
0 0.991400 0.459583 0.017201 0.028056
0 0.952341 0.472750 0.019642 0.040333
0 0.890956 0.119236 0.085459 0.147361
0 0.769160 0.038542 0.032411 0.035083
0 0.681734 0.338542 0.124743 0.171917
0 0.610031 0.411347 0.028491 0.061417
0 0.631151 0.478014 0.013748 0.022806
0 0.618383 0.492917 0.017667 0.024556
0 0.528017 0.451694 0.015723 0.029833
0 0.558958 0.456958 0.020622 0.015806
0 0.540785 0.528889 0.023561 0.040333
0 0.542753 0.642042 0.058942 0.105250
0 0.584984 0.624500 0.003935 0.035111
0 0.525560 0.334153 0.040264 0.071917
0 0.538328 0.149944 0.026516 0.071944
0 0.617403 0.223625 0.033406 0.036861
0 0.651773 0.205208 0.025537 0.031583
0 0.582527 0.056111 0.075630 0.112222
0 0.631151 0.135903 0.058942 0.110528
0 0.655218 0.157833 0.008849 0.007000
0 0.677317 0.191167 0.043219 0.094722
0 0.862963 0.254319 0.027512 0.052639
0 0.959712 0.244667 0.065801 0.100000
0 0.450420 0.534153 0.021617 0.050861
0 0.444526 0.433264 0.027496 0.031583
0 0.481361 0.477125 0.016687 0.052639
0 0.483818 0.594667 0.009813 0.070167
0 0.220583 0.516611 0.080544 0.250889
1 0.356128 0.754319 0.121804 0.094750
1 0.152799 0.882389 0.121804 0.091222
1 0.132177 0.515736 0.064821 0.073694
1 0.057527 0.106958 0.049114 0.161417
1 0.224992 0.115722 0.095272 0.171944
1 0.339425 0.141167 0.102146 0.061389
1 0.640482 0.605194 0.055988 0.108778
1 0.544222 0.759583 0.075630 0.049111
1 0.659635 0.885903 0.078585 0.080694
1 0.718577 0.599944 0.055008 0.063167
1 0.779463 0.167472 0.080544 0.145611
1 0.967076 0.666597 0.029456 0.101750
1 0.684191 0.336778 0.051089 0.073667
1 0.366928 0.062222 0.051089 0.078944
1 0.394432 0.590278 0.056983 0.187722
1 0.689106 0.487653 0.066796 0.049139
1 0.719557 0.850819 0.017683 0.080694
1 0.321742 0.873625 0.039285 0.070194
1 0.446485 0.686778 0.025537 0.054389
1 0.575163 0.295556 0.037325 0.078944
1 0.904215 0.358708 0.151260 0.110528
