0 0.084052 0.683309 0.026042 0.049123
0 0.038794 0.702612 0.012401 0.031577
0 0.075992 0.768397 0.017359 0.033331
0 0.051815 0.667520 0.016120 0.028069
0 0.015677 0.127170 0.031354 0.063154
0 0.523615 0.132432 0.069438 0.098246
0 0.407060 0.039451 0.024797 0.024562
0 0.461617 0.094713 0.019839 0.029823
0 0.464099 0.177170 0.042156 0.036846
0 0.735646 0.781555 0.111594 0.157892
0 0.526714 0.681559 0.035958 0.038592
0 0.593052 0.708751 0.029760 0.036839
0 0.772844 0.570155 0.027281 0.036846
0 0.754247 0.692959 0.019839 0.036839
0 0.913581 0.692959 0.018599 0.022808
0 0.863362 0.542962 0.049599 0.049123
0 0.981776 0.530678 0.033479 0.045615
0 0.767885 0.246470 0.141354 0.214031
0 0.777805 0.095593 0.047120 0.059646
0 0.915437 0.091205 0.074396 0.110531
0 0.679849 0.023662 0.029760 0.021046
0 0.674268 0.654366 0.021078 0.019300
0 0.661247 0.571909 0.017359 0.033338
0 0.216727 0.897347 0.125234 0.070169
0 0.307865 0.842959 0.114073 0.070177
0 0.388461 0.821032 0.094234 0.057892
0 0.451698 0.783312 0.079354 0.091223
0 0.493857 0.827170 0.064474 0.084215
0 0.546555 0.879805 0.078120 0.084208
0 0.611031 0.903486 0.110354 0.047369
0 0.694107 0.908747 0.088036 0.047369
0 0.757346 0.896470 0.060755 0.036846
0 0.810044 0.888574 0.084318 0.035085
0 0.832362 0.860505 0.039682 0.021054
0 0.836083 0.822786 0.034719 0.029831
0 0.878859 0.801732 0.026042 0.036846
0 0.907378 0.898224 0.055797 0.071923
0 0.080333 0.864013 0.065719 0.073685
0 0.092734 0.478051 0.172354 0.273685
0 0.425039 0.467520 0.137630 0.435085
0 0.329562 0.095593 0.048354 0.056139
1 0.163411 0.197347 0.241792 0.207015
1 0.261365 0.529805 0.150031 0.422808
1 0.182010 0.797347 0.107875 0.080707
1 0.379781 0.906120 0.138875 0.021054
1 0.417599 0.871032 0.083073 0.038600
1 0.594292 0.776293 0.111594 0.070169
1 0.632732 0.836820 0.057036 0.036839
1 0.831742 0.697347 0.053318 0.164908
1 0.951398 0.802609 0.081839 0.115785
1 0.955737 0.656120 0.055797 0.114038
1 0.885060 0.616643 0.040922 0.066669
1 0.703409 0.435063 0.270307 0.149123
1 0.954497 0.439455 0.075641 0.105262
1 0.873281 0.334189 0.042156 0.238592
1 0.624672 0.177174 0.107875 0.275438
1 0.532924 0.479790 0.055818 0.319270
1 0.368003 0.181555 0.126474 0.096492
1 0.178289 0.042082 0.210786 0.077192
1 0.315924 0.968401 0.257911 0.049123
1 0.746185 0.975416 0.307505 0.045615
